script_begin


[HelperObjectBegin]

	*dpgoto_Sette	-100	-50	-150		100	50	150
	-node_tm
	0.990268 0.000000 -0.139173 0.000000
	0.000000 1.000000 0.000000 0.000000
	0.139173 0.000000 0.990268 0.000000
	5037.000000 50.000000 5627.000000 1.000000

	*dpgoto_mountain_beast	-70	-90	-80		70	90	80
	-node_tm
	1.000000 0.000000 -0.000000 0.000000
	0.000000 1.000000 0.000000 0.000000
	0.000000 0.000000 1.000000 0.000000
	14.000000 -62.000000 -4071.000000 1.000000

	*dpgoto_dungeon03	-200	-150	-200		200	150	200
	-node_tm
	1.000000 0.000000 -0.000000 0.000000
	0.000000 1.000000 0.000000 0.000000
	0.000000 0.000000 1.000000 0.000000
	-326.000000 -716.000000 424.000000 1.000000

	*dpfrom_Sette	-100	-49	-150		100	49	150
	-node_tm
	0.987688 0.000000 -0.156434 0.000000
	0.000000 1.000000 0.000000 0.000000
	0.156434 0.000000 0.987688 0.000000
	5036.000000 52.000000 5630.000000 1.000000

	*dpfrom_mountain_beast	-29	-50	-30		29	50	30
	-node_tm
	1.000000 0.000000 -0.000000 0.000000
	0.000000 1.000000 0.000000 0.000000
	0.000000 0.000000 1.000000 0.000000
	16.000000 -137.000000 -3942.000000 1.000000

	*dpfrom_dungeon03	-100	-150	-100		100	150	100
	-node_tm
	1.000000 0.000000 -0.000000 0.000000
	0.000000 1.000000 0.000000 0.000000
	0.000000 0.000000 1.000000 0.000000
	-334.000000 -713.000000 427.000000 1.000000

	*dmm02_0	-25	-30	-25		25	30	25
	-node_tm
	1.000000 0.000000 -0.000000 0.000000
	0.000000 1.000000 0.000000 0.000000
	0.000000 0.000000 1.000000 0.000000
	2587.000000 442.000000 4178.000000 1.000000

	*dmm02_1	-25	-30	-25		25	30	25
	-node_tm
	1.000000 0.000000 -0.000000 0.000000
	0.000000 1.000000 0.000000 0.000000
	0.000000 0.000000 1.000000 0.000000
	2675.000000 442.000000 4188.000000 1.000000

	*dmm02_2	-25	-30	-25		25	30	25
	-node_tm
	1.000000 0.000000 -0.000000 0.000000
	0.000000 1.000000 0.000000 0.000000
	0.000000 0.000000 1.000000 0.000000
	2589.000000 442.000000 4279.000000 1.000000

	*dmm02_3	-25	-30	-25		25	30	25
	-node_tm
	1.000000 0.000000 -0.000000 0.000000
	0.000000 1.000000 0.000000 0.000000
	0.000000 0.000000 1.000000 0.000000
	2672.000000 442.000000 4287.000000 1.000000

	*dmm03_0	-50	-30	-25		50	30	25
	-node_tm
	0.998630 0.000000 -0.052336 0.000000
	0.000000 1.000000 0.000000 0.000000
	0.052336 0.000000 0.998630 0.000000
	2003.000000 430.000000 4486.000000 1.000000

	*dmm03_1	-50	-30	-25		50	30	25
	-node_tm
	0.998630 0.000000 -0.052336 0.000000
	0.000000 1.000000 0.000000 0.000000
	0.052336 0.000000 0.998630 0.000000
	2115.000000 430.000000 4476.000000 1.000000

	*dmm03_2	-50	-30	-25		50	30	25
	-node_tm
	0.998630 0.000000 -0.052336 0.000000
	0.000000 1.000000 0.000000 0.000000
	0.052336 0.000000 0.998630 0.000000
	2214.000000 430.000000 4527.000000 1.000000

	*dmm03_3	-50	-30	-25		50	30	25
	-node_tm
	0.998630 0.000000 -0.052336 0.000000
	0.000000 1.000000 0.000000 0.000000
	0.052336 0.000000 0.998630 0.000000
	2321.000000 430.000000 4466.000000 1.000000

	*dmm03_4	-50	-30	-25		50	30	25
	-node_tm
	0.998630 0.000000 -0.052336 0.000000
	0.000000 1.000000 0.000000 0.000000
	0.052336 0.000000 0.998630 0.000000
	2432.000000 430.000000 4445.000000 1.000000

	*dmm03_5	-50	-30	-25		50	30	25
	-node_tm
	0.998630 0.000000 -0.052336 0.000000
	0.000000 1.000000 0.000000 0.000000
	0.052336 0.000000 0.998630 0.000000
	2009.000000 430.000000 4579.000000 1.000000

	*dmm03_6	-50	-30	-25		50	30	25
	-node_tm
	0.998630 0.000000 -0.052336 0.000000
	0.000000 1.000000 0.000000 0.000000
	0.052336 0.000000 0.998630 0.000000
	2117.000000 430.000000 4603.000000 1.000000

	*dmm03_7	-50	-30	-25		50	30	25
	-node_tm
	0.998630 0.000000 -0.052336 0.000000
	0.000000 1.000000 0.000000 0.000000
	0.052336 0.000000 0.998630 0.000000
	2228.000000 430.000000 4625.000000 1.000000

	*dmm03_8	-50	-30	-25		50	30	25
	-node_tm
	0.998630 0.000000 -0.052336 0.000000
	0.000000 1.000000 0.000000 0.000000
	0.052336 0.000000 0.998630 0.000000
	2328.000000 430.000000 4560.000000 1.000000

	*dmm03_9	-50	-30	-25		50	30	25
	-node_tm
	0.998630 0.000000 -0.052336 0.000000
	0.000000 1.000000 0.000000 0.000000
	0.052336 0.000000 0.998630 0.000000
	2429.000000 430.000000 4545.000000 1.000000

	*dmm04_0	-25	-30	-25		25	30	25
	-node_tm
	0.927184 0.000000 -0.374607 0.000000
	0.000000 1.000000 0.000000 0.000000
	0.374607 0.000000 0.927184 0.000000
	539.000000 291.000000 4518.000000 1.000000

	*dmm04_1	-25	-30	-25		25	30	25
	-node_tm
	0.927184 0.000000 -0.374607 0.000000
	0.000000 1.000000 0.000000 0.000000
	0.374607 0.000000 0.927184 0.000000
	509.000000 281.000000 4425.000000 1.000000

	*dmm04_2	-25	-30	-25		25	30	25
	-node_tm
	0.927184 0.000000 -0.374607 0.000000
	0.000000 1.000000 0.000000 0.000000
	0.374607 0.000000 0.927184 0.000000
	521.000000 297.000000 4637.000000 1.000000

	*dmm04_3	-25	-30	-25		25	30	25
	-node_tm
	0.927184 0.000000 -0.374607 0.000000
	0.000000 1.000000 0.000000 0.000000
	0.374607 0.000000 0.927184 0.000000
	616.000000 297.000000 4595.000000 1.000000

	*dmm04_4	-25	-30	-25		25	30	25
	-node_tm
	0.927184 0.000000 -0.374607 0.000000
	0.000000 1.000000 0.000000 0.000000
	0.374607 0.000000 0.927184 0.000000
	591.000000 297.000000 4693.000000 1.000000

	*dmm04_5	-25	-30	-25		25	30	25
	-node_tm
	0.927184 0.000000 -0.374607 0.000000
	0.000000 1.000000 0.000000 0.000000
	0.374607 0.000000 0.927184 0.000000
	681.000000 297.000000 4718.000000 1.000000

	*dmm04_6	-25	-30	-25		25	30	25
	-node_tm
	0.927184 0.000000 -0.374607 0.000000
	0.000000 1.000000 0.000000 0.000000
	0.374607 0.000000 0.927184 0.000000
	629.000000 297.000000 4794.000000 1.000000

	*dmm04_7	-25	-30	-25		25	30	25
	-node_tm
	0.927184 0.000000 -0.374607 0.000000
	0.000000 1.000000 0.000000 0.000000
	0.374607 0.000000 0.927184 0.000000
	702.000000 297.000000 4795.000000 1.000000

	*dmm01_0	-50	-30	-30		50	30	30
	-node_tm
	0.615662 0.000000 -0.788011 0.000000
	0.000000 1.000000 0.000000 0.000000
	0.788011 0.000000 0.615662 0.000000
	-400.000000 224.000000 4827.000000 1.000000

	*dmm01_1	-50	-30	-30		50	30	30
	-node_tm
	0.615662 0.000000 -0.788011 0.000000
	0.000000 1.000000 0.000000 0.000000
	0.788011 0.000000 0.615662 0.000000
	-332.000000 224.000000 4692.000000 1.000000

	*dmm01_2	-50	-30	-30		50	30	30
	-node_tm
	0.615662 0.000000 -0.788011 0.000000
	0.000000 1.000000 0.000000 0.000000
	0.788011 0.000000 0.615662 0.000000
	-224.000000 224.000000 4633.000000 1.000000

	*dmm01_3	-50	-30	-30		50	30	30
	-node_tm
	0.615662 0.000000 -0.788011 0.000000
	0.000000 1.000000 0.000000 0.000000
	0.788011 0.000000 0.615662 0.000000
	-215.000000 224.000000 4506.000000 1.000000

	*dmm01_4	-50	-30	-30		50	30	30
	-node_tm
	0.615662 0.000000 -0.788011 0.000000
	0.000000 1.000000 0.000000 0.000000
	0.788011 0.000000 0.615662 0.000000
	-90.000000 224.000000 4428.000000 1.000000

	*dmm01_5	-50	-30	-30		50	30	30
	-node_tm
	0.615662 0.000000 -0.788011 0.000000
	0.000000 1.000000 0.000000 0.000000
	0.788011 0.000000 0.615662 0.000000
	-11.000000 224.000000 4264.000000 1.000000

	*dmm01_6	-50	-30	-30		50	30	30
	-node_tm
	0.615662 0.000000 -0.788011 0.000000
	0.000000 1.000000 0.000000 0.000000
	0.788011 0.000000 0.615662 0.000000
	-336.000000 224.000000 4929.000000 1.000000

	*dmm01_7	-50	-30	-30		50	30	30
	-node_tm
	0.615662 0.000000 -0.788011 0.000000
	0.000000 1.000000 0.000000 0.000000
	0.788011 0.000000 0.615662 0.000000
	-223.000000 224.000000 4793.000000 1.000000

	*dmm01_8	-50	-30	-30		50	30	30
	-node_tm
	0.615662 0.000000 -0.788011 0.000000
	0.000000 1.000000 0.000000 0.000000
	0.788011 0.000000 0.615662 0.000000
	-140.000000 224.000000 4677.000000 1.000000

	*dmm01_9	-50	-30	-30		50	30	30
	-node_tm
	0.615662 0.000000 -0.788011 0.000000
	0.000000 1.000000 0.000000 0.000000
	0.788011 0.000000 0.615662 0.000000
	-24.000000 224.000000 4576.000000 1.000000

	*dmm01_10	-50	-30	-30		50	30	30
	-node_tm
	0.615662 0.000000 -0.788011 0.000000
	0.000000 1.000000 0.000000 0.000000
	0.788011 0.000000 0.615662 0.000000
	57.000000 224.000000 4433.000000 1.000000

	*dmm01_11	-50	-30	-30		50	30	30
	-node_tm
	0.615662 0.000000 -0.788011 0.000000
	0.000000 1.000000 0.000000 0.000000
	0.788011 0.000000 0.615662 0.000000
	177.000000 221.000000 4517.000000 1.000000

	*dmm05_0	-25	-30	-25		25	30	25
	-node_tm
	0.224951 0.000000 -0.974370 0.000000
	0.000000 1.000000 0.000000 0.000000
	0.974370 0.000000 0.224951 0.000000
	-1541.000000 174.000000 4484.000000 1.000000

	*dmm05_1	-25	-30	-25		25	30	25
	-node_tm
	0.224951 0.000000 -0.974370 0.000000
	0.000000 1.000000 0.000000 0.000000
	0.974370 0.000000 0.224951 0.000000
	-1665.000000 154.000000 4375.000000 1.000000

	*dmm05_2	-25	-30	-25		25	30	25
	-node_tm
	0.224951 0.000000 -0.974370 0.000000
	0.000000 1.000000 0.000000 0.000000
	0.974370 0.000000 0.224951 0.000000
	-1297.000000 213.000000 4475.000000 1.000000

	*dmm05_3	-25	-30	-25		25	30	25
	-node_tm
	0.224951 0.000000 -0.974370 0.000000
	0.000000 1.000000 0.000000 0.000000
	0.974370 0.000000 0.224951 0.000000
	-1443.000000 187.000000 4408.000000 1.000000

	*dmm06_0	-25	-30	-40		25	30	40
	-node_tm
	0.515038 0.000000 -0.857167 0.000000
	0.000000 1.000000 0.000000 0.000000
	0.857167 0.000000 0.515038 0.000000
	-2056.000000 121.000000 3924.000000 1.000000

	*dmm06_1	-25	-30	-40		25	30	40
	-node_tm
	0.515038 0.000000 -0.857167 0.000000
	0.000000 1.000000 0.000000 0.000000
	0.857167 0.000000 0.515038 0.000000
	-2267.000000 121.000000 4015.000000 1.000000

	*dmm06_2	-25	-30	-40		25	30	40
	-node_tm
	0.515038 0.000000 -0.857167 0.000000
	0.000000 1.000000 0.000000 0.000000
	0.857167 0.000000 0.515038 0.000000
	-2313.000000 121.000000 4099.000000 1.000000

	*dmm06_3	-25	-30	-40		25	30	40
	-node_tm
	0.515038 0.000000 -0.857167 0.000000
	0.000000 1.000000 0.000000 0.000000
	0.857167 0.000000 0.515038 0.000000
	-2178.000000 121.000000 4029.000000 1.000000

	*dmm06_4	-25	-30	-40		25	30	40
	-node_tm
	0.515038 0.000000 -0.857167 0.000000
	0.000000 1.000000 0.000000 0.000000
	0.857167 0.000000 0.515038 0.000000
	-2245.000000 121.000000 4140.000000 1.000000

	*dmm06_5	-25	-30	-40		25	30	40
	-node_tm
	0.515038 0.000000 -0.857167 0.000000
	0.000000 1.000000 0.000000 0.000000
	0.857167 0.000000 0.515038 0.000000
	-2219.000000 121.000000 4097.000000 1.000000

	*dmm06_6	-25	-30	-40		25	30	40
	-node_tm
	0.515038 0.000000 -0.857167 0.000000
	0.000000 1.000000 0.000000 0.000000
	0.857167 0.000000 0.515038 0.000000
	-2176.000000 121.000000 4180.000000 1.000000

	*dmm06_7	-25	-30	-40		25	30	40
	-node_tm
	0.515038 0.000000 -0.857167 0.000000
	0.000000 1.000000 0.000000 0.000000
	0.857167 0.000000 0.515038 0.000000
	-2150.000000 121.000000 4137.000000 1.000000

	*dmm06_8	-25	-30	-40		25	30	40
	-node_tm
	0.515038 0.000000 -0.857167 0.000000
	0.000000 1.000000 0.000000 0.000000
	0.857167 0.000000 0.515038 0.000000
	-2283.000000 121.000000 4454.000000 1.000000

	*dmm06_9	-25	-30	-40		25	30	40
	-node_tm
	0.515038 0.000000 -0.857167 0.000000
	0.000000 1.000000 0.000000 0.000000
	0.857167 0.000000 0.515038 0.000000
	-2245.000000 121.000000 4393.000000 1.000000

	*dmm07_0	-40	-30	-20		40	30	20
	-node_tm
	0.515038 0.000000 -0.857167 0.000000
	0.000000 1.000000 0.000000 0.000000
	0.857167 0.000000 0.515038 0.000000
	-2940.000000 127.000000 3671.000000 1.000000

	*dmm07_1	-40	-30	-20		40	30	20
	-node_tm
	0.515038 0.000000 -0.857167 0.000000
	0.000000 1.000000 0.000000 0.000000
	0.857167 0.000000 0.515038 0.000000
	-2899.000000 127.000000 3602.000000 1.000000

	*dmm07_2	-40	-30	-20		40	30	20
	-node_tm
	0.515038 0.000000 -0.857167 0.000000
	0.000000 1.000000 0.000000 0.000000
	0.857167 0.000000 0.515038 0.000000
	-2906.000000 127.000000 3691.000000 1.000000

	*dmm07_3	-40	-30	-20		40	30	20
	-node_tm
	0.515038 0.000000 -0.857167 0.000000
	0.000000 1.000000 0.000000 0.000000
	0.857167 0.000000 0.515038 0.000000
	-2865.000000 127.000000 3622.000000 1.000000

	*dmm07_4	-40	-30	-20		40	30	20
	-node_tm
	0.515038 0.000000 -0.857167 0.000000
	0.000000 1.000000 0.000000 0.000000
	0.857167 0.000000 0.515038 0.000000
	-2871.000000 127.000000 3712.000000 1.000000

	*dmm07_5	-40	-30	-20		40	30	20
	-node_tm
	0.515038 0.000000 -0.857167 0.000000
	0.000000 1.000000 0.000000 0.000000
	0.857167 0.000000 0.515038 0.000000
	-2830.000000 127.000000 3643.000000 1.000000

	*dmm07_6	-40	-30	-20		40	30	20
	-node_tm
	0.515038 0.000000 -0.857167 0.000000
	0.000000 1.000000 0.000000 0.000000
	0.857167 0.000000 0.515038 0.000000
	-2837.000000 127.000000 3732.000000 1.000000

	*dmm07_7	-40	-30	-20		40	30	20
	-node_tm
	0.515038 0.000000 -0.857167 0.000000
	0.000000 1.000000 0.000000 0.000000
	0.857167 0.000000 0.515038 0.000000
	-2796.000000 127.000000 3663.000000 1.000000

	*dmm07_8	-40	-30	-20		40	30	20
	-node_tm
	0.515038 0.000000 -0.857167 0.000000
	0.000000 1.000000 0.000000 0.000000
	0.857167 0.000000 0.515038 0.000000
	-2802.000000 127.000000 3752.000000 1.000000

	*dmm07_9	-40	-30	-20		40	30	20
	-node_tm
	0.515038 0.000000 -0.857167 0.000000
	0.000000 1.000000 0.000000 0.000000
	0.857167 0.000000 0.515038 0.000000
	-2762.000000 127.000000 3683.000000 1.000000

	*dmm08_0	-25	-30	-20		25	30	20
	-node_tm
	0.515038 0.000000 -0.857167 0.000000
	0.000000 1.000000 0.000000 0.000000
	0.857167 0.000000 0.515038 0.000000
	-2637.000000 110.000000 3928.000000 1.000000

	*dmm08_1	-25	-30	-20		25	30	20
	-node_tm
	0.515038 0.000000 -0.857167 0.000000
	0.000000 1.000000 0.000000 0.000000
	0.857167 0.000000 0.515038 0.000000
	-2612.000000 110.000000 3885.000000 1.000000

	*dmm08_2	-25	-30	-20		25	30	20
	-node_tm
	0.515038 0.000000 -0.857167 0.000000
	0.000000 1.000000 0.000000 0.000000
	0.857167 0.000000 0.515038 0.000000
	-2586.000000 110.000000 3842.000000 1.000000

	*dmm08_3	-25	-30	-20		25	30	20
	-node_tm
	0.515038 0.000000 -0.857167 0.000000
	0.000000 1.000000 0.000000 0.000000
	0.857167 0.000000 0.515038 0.000000
	-2561.000000 110.000000 3799.000000 1.000000

	*dmm08_4	-25	-30	-20		25	30	20
	-node_tm
	0.515038 0.000000 -0.857167 0.000000
	0.000000 1.000000 0.000000 0.000000
	0.857167 0.000000 0.515038 0.000000
	-2603.000000 110.000000 3949.000000 1.000000

	*dmm08_5	-25	-30	-20		25	30	20
	-node_tm
	0.515038 0.000000 -0.857167 0.000000
	0.000000 1.000000 0.000000 0.000000
	0.857167 0.000000 0.515038 0.000000
	-2577.000000 110.000000 3906.000000 1.000000

	*dmm08_6	-25	-30	-20		25	30	20
	-node_tm
	0.515038 0.000000 -0.857167 0.000000
	0.000000 1.000000 0.000000 0.000000
	0.857167 0.000000 0.515038 0.000000
	-2552.000000 110.000000 3863.000000 1.000000

	*dmm08_7	-25	-30	-20		25	30	20
	-node_tm
	0.515038 0.000000 -0.857167 0.000000
	0.000000 1.000000 0.000000 0.000000
	0.857167 0.000000 0.515038 0.000000
	-2526.000000 110.000000 3820.000000 1.000000

	*dmm08_8	-25	-30	-20		25	30	20
	-node_tm
	0.515038 0.000000 -0.857167 0.000000
	0.000000 1.000000 0.000000 0.000000
	0.857167 0.000000 0.515038 0.000000
	-2568.000000 110.000000 3969.000000 1.000000

	*dmm08_9	-25	-30	-20		25	30	20
	-node_tm
	0.515038 0.000000 -0.857167 0.000000
	0.000000 1.000000 0.000000 0.000000
	0.857167 0.000000 0.515038 0.000000
	-2543.000000 110.000000 3926.000000 1.000000

	*dmm08_10	-25	-30	-20		25	30	20
	-node_tm
	0.515038 0.000000 -0.857167 0.000000
	0.000000 1.000000 0.000000 0.000000
	0.857167 0.000000 0.515038 0.000000
	-2517.000000 110.000000 3883.000000 1.000000

	*dmm08_11	-25	-30	-20		25	30	20
	-node_tm
	0.515038 0.000000 -0.857167 0.000000
	0.000000 1.000000 0.000000 0.000000
	0.857167 0.000000 0.515038 0.000000
	-2492.000000 110.000000 3840.000000 1.000000

	*dmm08_12	-25	-30	-20		25	30	20
	-node_tm
	0.515038 0.000000 -0.857167 0.000000
	0.000000 1.000000 0.000000 0.000000
	0.857167 0.000000 0.515038 0.000000
	-2534.000000 110.000000 3989.000000 1.000000

	*dmm08_13	-25	-30	-20		25	30	20
	-node_tm
	0.515038 0.000000 -0.857167 0.000000
	0.000000 1.000000 0.000000 0.000000
	0.857167 0.000000 0.515038 0.000000
	-2508.000000 110.000000 3946.000000 1.000000

	*dmm08_14	-25	-30	-20		25	30	20
	-node_tm
	0.515038 0.000000 -0.857167 0.000000
	0.000000 1.000000 0.000000 0.000000
	0.857167 0.000000 0.515038 0.000000
	-2483.000000 110.000000 3903.000000 1.000000

	*dmm08_15	-25	-30	-20		25	30	20
	-node_tm
	0.515038 0.000000 -0.857167 0.000000
	0.000000 1.000000 0.000000 0.000000
	0.857167 0.000000 0.515038 0.000000
	-2457.000000 110.000000 3860.000000 1.000000

	*dmm08_16	-25	-30	-20		25	30	20
	-node_tm
	0.515038 0.000000 -0.857167 0.000000
	0.000000 1.000000 0.000000 0.000000
	0.857167 0.000000 0.515038 0.000000
	-2499.000000 110.000000 4010.000000 1.000000

	*dmm08_17	-25	-30	-20		25	30	20
	-node_tm
	0.515038 0.000000 -0.857167 0.000000
	0.000000 1.000000 0.000000 0.000000
	0.857167 0.000000 0.515038 0.000000
	-2474.000000 110.000000 3967.000000 1.000000

	*dmm08_18	-25	-30	-20		25	30	20
	-node_tm
	0.515038 0.000000 -0.857167 0.000000
	0.000000 1.000000 0.000000 0.000000
	0.857167 0.000000 0.515038 0.000000
	-2448.000000 110.000000 3924.000000 1.000000

	*dmm08_19	-25	-30	-20		25	30	20
	-node_tm
	0.515038 0.000000 -0.857167 0.000000
	0.000000 1.000000 0.000000 0.000000
	0.857167 0.000000 0.515038 0.000000
	-2423.000000 110.000000 3881.000000 1.000000

	*dmm09_0	-35	-50	-35		35	50	35
	-node_tm
	1.000000 0.000000 -0.000000 0.000000
	0.000000 1.000000 0.000000 0.000000
	0.000000 0.000000 1.000000 0.000000
	-1111.000000 -161.000000 2964.000000 1.000000

	*dmm09_1	-35	-50	-35		35	50	35
	-node_tm
	1.000000 0.000000 -0.000000 0.000000
	0.000000 1.000000 0.000000 0.000000
	0.000000 0.000000 1.000000 0.000000
	-1041.000000 -161.000000 2964.000000 1.000000

	*dmm09_2	-35	-50	-35		35	50	35
	-node_tm
	1.000000 0.000000 -0.000000 0.000000
	0.000000 1.000000 0.000000 0.000000
	0.000000 0.000000 1.000000 0.000000
	-1111.000000 -161.000000 3034.000000 1.000000

	*dmm09_3	-35	-50	-35		35	50	35
	-node_tm
	1.000000 0.000000 -0.000000 0.000000
	0.000000 1.000000 0.000000 0.000000
	0.000000 0.000000 1.000000 0.000000
	-1041.000000 -161.000000 3034.000000 1.000000

	*dmm10_0	-35	-50	-35		35	50	35
	-node_tm
	1.000000 0.000000 -0.000000 0.000000
	0.000000 1.000000 0.000000 0.000000
	0.000000 0.000000 1.000000 0.000000
	-1232.000000 -316.000000 2562.000000 1.000000

	*dmm10_1	-35	-50	-35		35	50	35
	-node_tm
	1.000000 0.000000 -0.000000 0.000000
	0.000000 1.000000 0.000000 0.000000
	0.000000 0.000000 1.000000 0.000000
	-1162.000000 -316.000000 2562.000000 1.000000

	*dmm10_2	-35	-50	-35		35	50	35
	-node_tm
	1.000000 0.000000 -0.000000 0.000000
	0.000000 1.000000 0.000000 0.000000
	0.000000 0.000000 1.000000 0.000000
	-1232.000000 -316.000000 2632.000000 1.000000

	*dmm10_3	-35	-50	-35		35	50	35
	-node_tm
	1.000000 0.000000 -0.000000 0.000000
	0.000000 1.000000 0.000000 0.000000
	0.000000 0.000000 1.000000 0.000000
	-1162.000000 -316.000000 2632.000000 1.000000

	*dmm11_0	-15	-50	-15		15	50	15
	-node_tm
	1.000000 0.000000 -0.000000 0.000000
	0.000000 1.000000 0.000000 0.000000
	0.000000 0.000000 1.000000 0.000000
	-2000.000000 -379.000000 2439.000000 1.000000

	*dmm11_1	-15	-50	-15		15	50	15
	-node_tm
	1.000000 0.000000 -0.000000 0.000000
	0.000000 1.000000 0.000000 0.000000
	0.000000 0.000000 1.000000 0.000000
	-1970.000000 -379.000000 2439.000000 1.000000

	*dmm11_2	-15	-50	-15		15	50	15
	-node_tm
	1.000000 0.000000 -0.000000 0.000000
	0.000000 1.000000 0.000000 0.000000
	0.000000 0.000000 1.000000 0.000000
	-2000.000000 -379.000000 2469.000000 1.000000

	*dmm11_3	-15	-50	-15		15	50	15
	-node_tm
	1.000000 0.000000 -0.000000 0.000000
	0.000000 1.000000 0.000000 0.000000
	0.000000 0.000000 1.000000 0.000000
	-1970.000000 -379.000000 2469.000000 1.000000

	*dmm12_0	-37	-100	-37		37	100	37
	-node_tm
	1.000000 0.000000 -0.000000 0.000000
	0.000000 1.000000 0.000000 0.000000
	0.000000 0.000000 1.000000 0.000000
	292.000000 -280.000000 2721.000000 1.000000

	*dmm12_1	-37	-100	-37		37	100	37
	-node_tm
	1.000000 0.000000 -0.000000 0.000000
	0.000000 1.000000 0.000000 0.000000
	0.000000 0.000000 1.000000 0.000000
	367.000000 -280.000000 2721.000000 1.000000

	*dmm12_2	-37	-100	-37		37	100	37
	-node_tm
	1.000000 0.000000 -0.000000 0.000000
	0.000000 1.000000 0.000000 0.000000
	0.000000 0.000000 1.000000 0.000000
	442.000000 -280.000000 2721.000000 1.000000

	*dmm12_3	-37	-100	-37		37	100	37
	-node_tm
	1.000000 0.000000 -0.000000 0.000000
	0.000000 1.000000 0.000000 0.000000
	0.000000 0.000000 1.000000 0.000000
	517.000000 -280.000000 2721.000000 1.000000

	*dmm12_4	-37	-100	-37		37	100	37
	-node_tm
	1.000000 0.000000 -0.000000 0.000000
	0.000000 1.000000 0.000000 0.000000
	0.000000 0.000000 1.000000 0.000000
	292.000000 -280.000000 2796.000000 1.000000

	*dmm12_5	-37	-100	-37		37	100	37
	-node_tm
	1.000000 0.000000 -0.000000 0.000000
	0.000000 1.000000 0.000000 0.000000
	0.000000 0.000000 1.000000 0.000000
	367.000000 -280.000000 2796.000000 1.000000

	*dmm12_6	-37	-100	-37		37	100	37
	-node_tm
	1.000000 0.000000 -0.000000 0.000000
	0.000000 1.000000 0.000000 0.000000
	0.000000 0.000000 1.000000 0.000000
	442.000000 -280.000000 2796.000000 1.000000

	*dmm12_7	-37	-100	-37		37	100	37
	-node_tm
	1.000000 0.000000 -0.000000 0.000000
	0.000000 1.000000 0.000000 0.000000
	0.000000 0.000000 1.000000 0.000000
	517.000000 -280.000000 2796.000000 1.000000

	*dmm12_8	-37	-100	-37		37	100	37
	-node_tm
	1.000000 0.000000 -0.000000 0.000000
	0.000000 1.000000 0.000000 0.000000
	0.000000 0.000000 1.000000 0.000000
	292.000000 -280.000000 2871.000000 1.000000

	*dmm12_9	-37	-100	-37		37	100	37
	-node_tm
	1.000000 0.000000 -0.000000 0.000000
	0.000000 1.000000 0.000000 0.000000
	0.000000 0.000000 1.000000 0.000000
	367.000000 -280.000000 2871.000000 1.000000

	*dmm12_10	-37	-100	-37		37	100	37
	-node_tm
	1.000000 0.000000 -0.000000 0.000000
	0.000000 1.000000 0.000000 0.000000
	0.000000 0.000000 1.000000 0.000000
	442.000000 -280.000000 2871.000000 1.000000

	*dmm12_11	-37	-100	-37		37	100	37
	-node_tm
	1.000000 0.000000 -0.000000 0.000000
	0.000000 1.000000 0.000000 0.000000
	0.000000 0.000000 1.000000 0.000000
	517.000000 -280.000000 2871.000000 1.000000

	*dmm12_12	-37	-100	-37		37	100	37
	-node_tm
	1.000000 0.000000 -0.000000 0.000000
	0.000000 1.000000 0.000000 0.000000
	0.000000 0.000000 1.000000 0.000000
	292.000000 -280.000000 2946.000000 1.000000

	*dmm12_13	-37	-100	-37		37	100	37
	-node_tm
	1.000000 0.000000 -0.000000 0.000000
	0.000000 1.000000 0.000000 0.000000
	0.000000 0.000000 1.000000 0.000000
	367.000000 -280.000000 2946.000000 1.000000

	*dmm12_14	-37	-100	-37		37	100	37
	-node_tm
	1.000000 0.000000 -0.000000 0.000000
	0.000000 1.000000 0.000000 0.000000
	0.000000 0.000000 1.000000 0.000000
	442.000000 -280.000000 2946.000000 1.000000

	*dmm12_15	-37	-100	-37		37	100	37
	-node_tm
	1.000000 0.000000 -0.000000 0.000000
	0.000000 1.000000 0.000000 0.000000
	0.000000 0.000000 1.000000 0.000000
	517.000000 -280.000000 2946.000000 1.000000

	*dmm13_0	-37	-100	-37		37	100	37
	-node_tm
	1.000000 0.000000 -0.000000 0.000000
	0.000000 1.000000 0.000000 0.000000
	0.000000 0.000000 1.000000 0.000000
	-277.000000 -467.000000 2282.000000 1.000000

	*dmm13_1	-37	-100	-37		37	100	37
	-node_tm
	1.000000 0.000000 -0.000000 0.000000
	0.000000 1.000000 0.000000 0.000000
	0.000000 0.000000 1.000000 0.000000
	-202.000000 -467.000000 2282.000000 1.000000

	*dmm13_2	-37	-100	-37		37	100	37
	-node_tm
	1.000000 0.000000 -0.000000 0.000000
	0.000000 1.000000 0.000000 0.000000
	0.000000 0.000000 1.000000 0.000000
	-127.000000 -467.000000 2282.000000 1.000000

	*dmm13_3	-37	-100	-37		37	100	37
	-node_tm
	1.000000 0.000000 -0.000000 0.000000
	0.000000 1.000000 0.000000 0.000000
	0.000000 0.000000 1.000000 0.000000
	-52.000000 -467.000000 2282.000000 1.000000

	*dmm13_4	-37	-100	-37		37	100	37
	-node_tm
	1.000000 0.000000 -0.000000 0.000000
	0.000000 1.000000 0.000000 0.000000
	0.000000 0.000000 1.000000 0.000000
	-277.000000 -467.000000 2357.000000 1.000000

	*dmm13_5	-37	-100	-37		37	100	37
	-node_tm
	1.000000 0.000000 -0.000000 0.000000
	0.000000 1.000000 0.000000 0.000000
	0.000000 0.000000 1.000000 0.000000
	-202.000000 -467.000000 2357.000000 1.000000

	*dmm13_6	-37	-100	-37		37	100	37
	-node_tm
	1.000000 0.000000 -0.000000 0.000000
	0.000000 1.000000 0.000000 0.000000
	0.000000 0.000000 1.000000 0.000000
	-127.000000 -467.000000 2357.000000 1.000000

	*dmm13_7	-37	-100	-37		37	100	37
	-node_tm
	1.000000 0.000000 -0.000000 0.000000
	0.000000 1.000000 0.000000 0.000000
	0.000000 0.000000 1.000000 0.000000
	-52.000000 -467.000000 2357.000000 1.000000

	*dmm13_8	-37	-100	-37		37	100	37
	-node_tm
	1.000000 0.000000 -0.000000 0.000000
	0.000000 1.000000 0.000000 0.000000
	0.000000 0.000000 1.000000 0.000000
	-277.000000 -467.000000 2432.000000 1.000000

	*dmm13_9	-37	-100	-37		37	100	37
	-node_tm
	1.000000 0.000000 -0.000000 0.000000
	0.000000 1.000000 0.000000 0.000000
	0.000000 0.000000 1.000000 0.000000
	-202.000000 -467.000000 2432.000000 1.000000

	*dmm13_10	-37	-100	-37		37	100	37
	-node_tm
	1.000000 0.000000 -0.000000 0.000000
	0.000000 1.000000 0.000000 0.000000
	0.000000 0.000000 1.000000 0.000000
	-127.000000 -467.000000 2432.000000 1.000000

	*dmm13_11	-37	-100	-37		37	100	37
	-node_tm
	1.000000 0.000000 -0.000000 0.000000
	0.000000 1.000000 0.000000 0.000000
	0.000000 0.000000 1.000000 0.000000
	-52.000000 -467.000000 2432.000000 1.000000

	*dmm13_12	-37	-100	-37		37	100	37
	-node_tm
	1.000000 0.000000 -0.000000 0.000000
	0.000000 1.000000 0.000000 0.000000
	0.000000 0.000000 1.000000 0.000000
	-277.000000 -467.000000 2507.000000 1.000000

	*dmm13_13	-37	-100	-37		37	100	37
	-node_tm
	1.000000 0.000000 -0.000000 0.000000
	0.000000 1.000000 0.000000 0.000000
	0.000000 0.000000 1.000000 0.000000
	-202.000000 -467.000000 2507.000000 1.000000

	*dmm13_14	-37	-100	-37		37	100	37
	-node_tm
	1.000000 0.000000 -0.000000 0.000000
	0.000000 1.000000 0.000000 0.000000
	0.000000 0.000000 1.000000 0.000000
	-127.000000 -467.000000 2507.000000 1.000000

	*dmm13_15	-37	-100	-37		37	100	37
	-node_tm
	1.000000 0.000000 -0.000000 0.000000
	0.000000 1.000000 0.000000 0.000000
	0.000000 0.000000 1.000000 0.000000
	-52.000000 -467.000000 2507.000000 1.000000

	*dmm14_0	-75	-150	-75		75	150	75
	-node_tm
	1.000000 0.000000 -0.000000 0.000000
	0.000000 1.000000 0.000000 0.000000
	0.000000 0.000000 1.000000 0.000000
	-1575.000000 -660.000000 1480.000000 1.000000

	*dmm14_1	-75	-150	-75		75	150	75
	-node_tm
	1.000000 0.000000 -0.000000 0.000000
	0.000000 1.000000 0.000000 0.000000
	0.000000 0.000000 1.000000 0.000000
	-1138.000000 -660.000000 1429.000000 1.000000

	*dmm14_2	-75	-150	-75		75	150	75
	-node_tm
	1.000000 0.000000 -0.000000 0.000000
	0.000000 1.000000 0.000000 0.000000
	0.000000 0.000000 1.000000 0.000000
	-988.000000 -660.000000 1429.000000 1.000000

	*dmm14_3	-75	-150	-75		75	150	75
	-node_tm
	1.000000 0.000000 -0.000000 0.000000
	0.000000 1.000000 0.000000 0.000000
	0.000000 0.000000 1.000000 0.000000
	-838.000000 -660.000000 1429.000000 1.000000

	*dmm14_4	-75	-150	-75		75	150	75
	-node_tm
	1.000000 0.000000 -0.000000 0.000000
	0.000000 1.000000 0.000000 0.000000
	0.000000 0.000000 1.000000 0.000000
	-1288.000000 -660.000000 1579.000000 1.000000

	*dmm14_5	-75	-150	-75		75	150	75
	-node_tm
	1.000000 0.000000 -0.000000 0.000000
	0.000000 1.000000 0.000000 0.000000
	0.000000 0.000000 1.000000 0.000000
	-1138.000000 -660.000000 1579.000000 1.000000

	*dmm14_6	-75	-150	-75		75	150	75
	-node_tm
	1.000000 0.000000 -0.000000 0.000000
	0.000000 1.000000 0.000000 0.000000
	0.000000 0.000000 1.000000 0.000000
	-988.000000 -660.000000 1579.000000 1.000000

	*dmm14_7	-75	-150	-75		75	150	75
	-node_tm
	1.000000 0.000000 -0.000000 0.000000
	0.000000 1.000000 0.000000 0.000000
	0.000000 0.000000 1.000000 0.000000
	-739.000000 -660.000000 1587.000000 1.000000

	*dmm14_8	-75	-150	-75		75	150	75
	-node_tm
	1.000000 0.000000 -0.000000 0.000000
	0.000000 1.000000 0.000000 0.000000
	0.000000 0.000000 1.000000 0.000000
	-1467.000000 -660.000000 1733.000000 1.000000

	*dmm14_9	-75	-150	-75		75	150	75
	-node_tm
	1.000000 0.000000 -0.000000 0.000000
	0.000000 1.000000 0.000000 0.000000
	0.000000 0.000000 1.000000 0.000000
	-1138.000000 -660.000000 1729.000000 1.000000

	*dmm14_10	-75	-150	-75		75	150	75
	-node_tm
	1.000000 0.000000 -0.000000 0.000000
	0.000000 1.000000 0.000000 0.000000
	0.000000 0.000000 1.000000 0.000000
	-902.000000 -660.000000 1771.000000 1.000000

	*dmm14_11	-75	-150	-75		75	150	75
	-node_tm
	1.000000 0.000000 -0.000000 0.000000
	0.000000 1.000000 0.000000 0.000000
	0.000000 0.000000 1.000000 0.000000
	-621.000000 -660.000000 1762.000000 1.000000

	*dmm14_12	-75	-150	-75		75	150	75
	-node_tm
	1.000000 0.000000 -0.000000 0.000000
	0.000000 1.000000 0.000000 0.000000
	0.000000 0.000000 1.000000 0.000000
	-1288.000000 -660.000000 1879.000000 1.000000

	*dmm14_13	-75	-150	-75		75	150	75
	-node_tm
	1.000000 0.000000 -0.000000 0.000000
	0.000000 1.000000 0.000000 0.000000
	0.000000 0.000000 1.000000 0.000000
	-1138.000000 -660.000000 1879.000000 1.000000

	*dmm14_14	-75	-150	-75		75	150	75
	-node_tm
	1.000000 0.000000 -0.000000 0.000000
	0.000000 1.000000 0.000000 0.000000
	0.000000 0.000000 1.000000 0.000000
	-954.000000 -660.000000 1981.000000 1.000000

	*dmm14_15	-75	-150	-75		75	150	75
	-node_tm
	1.000000 0.000000 -0.000000 0.000000
	0.000000 1.000000 0.000000 0.000000
	0.000000 0.000000 1.000000 0.000000
	-698.000000 -660.000000 1974.000000 1.000000

	*dmm15_0	-50	-100	-50		50	100	50
	-node_tm
	1.000000 0.000000 -0.000000 0.000000
	0.000000 1.000000 0.000000 0.000000
	0.000000 0.000000 1.000000 0.000000
	-1508.000000 -709.000000 522.000000 1.000000

	*dmm15_1	-50	-100	-50		50	100	50
	-node_tm
	1.000000 0.000000 -0.000000 0.000000
	0.000000 1.000000 0.000000 0.000000
	0.000000 0.000000 1.000000 0.000000
	-1408.000000 -709.000000 522.000000 1.000000

	*dmm15_2	-50	-100	-50		50	100	50
	-node_tm
	1.000000 0.000000 -0.000000 0.000000
	0.000000 1.000000 0.000000 0.000000
	0.000000 0.000000 1.000000 0.000000
	-1308.000000 -709.000000 522.000000 1.000000

	*dmm15_3	-50	-100	-50		50	100	50
	-node_tm
	1.000000 0.000000 -0.000000 0.000000
	0.000000 1.000000 0.000000 0.000000
	0.000000 0.000000 1.000000 0.000000
	-1208.000000 -709.000000 522.000000 1.000000

	*dmm15_4	-50	-100	-50		50	100	50
	-node_tm
	1.000000 0.000000 -0.000000 0.000000
	0.000000 1.000000 0.000000 0.000000
	0.000000 0.000000 1.000000 0.000000
	-1508.000000 -709.000000 622.000000 1.000000

	*dmm15_5	-50	-100	-50		50	100	50
	-node_tm
	1.000000 0.000000 -0.000000 0.000000
	0.000000 1.000000 0.000000 0.000000
	0.000000 0.000000 1.000000 0.000000
	-1408.000000 -709.000000 622.000000 1.000000

	*dmm15_6	-50	-100	-50		50	100	50
	-node_tm
	1.000000 0.000000 -0.000000 0.000000
	0.000000 1.000000 0.000000 0.000000
	0.000000 0.000000 1.000000 0.000000
	-1308.000000 -709.000000 622.000000 1.000000

	*dmm15_7	-50	-100	-50		50	100	50
	-node_tm
	1.000000 0.000000 -0.000000 0.000000
	0.000000 1.000000 0.000000 0.000000
	0.000000 0.000000 1.000000 0.000000
	-1208.000000 -709.000000 622.000000 1.000000

	*dmm15_8	-50	-100	-50		50	100	50
	-node_tm
	1.000000 0.000000 -0.000000 0.000000
	0.000000 1.000000 0.000000 0.000000
	0.000000 0.000000 1.000000 0.000000
	-1508.000000 -709.000000 722.000000 1.000000

	*dmm15_9	-50	-100	-50		50	100	50
	-node_tm
	1.000000 0.000000 -0.000000 0.000000
	0.000000 1.000000 0.000000 0.000000
	0.000000 0.000000 1.000000 0.000000
	-1408.000000 -709.000000 722.000000 1.000000

	*dmm15_10	-50	-100	-50		50	100	50
	-node_tm
	1.000000 0.000000 -0.000000 0.000000
	0.000000 1.000000 0.000000 0.000000
	0.000000 0.000000 1.000000 0.000000
	-1308.000000 -709.000000 722.000000 1.000000

	*dmm15_11	-50	-100	-50		50	100	50
	-node_tm
	1.000000 0.000000 -0.000000 0.000000
	0.000000 1.000000 0.000000 0.000000
	0.000000 0.000000 1.000000 0.000000
	-1208.000000 -709.000000 722.000000 1.000000

	*dmm15_12	-50	-100	-50		50	100	50
	-node_tm
	1.000000 0.000000 -0.000000 0.000000
	0.000000 1.000000 0.000000 0.000000
	0.000000 0.000000 1.000000 0.000000
	-1508.000000 -709.000000 822.000000 1.000000

	*dmm15_13	-50	-100	-50		50	100	50
	-node_tm
	1.000000 0.000000 -0.000000 0.000000
	0.000000 1.000000 0.000000 0.000000
	0.000000 0.000000 1.000000 0.000000
	-1408.000000 -709.000000 822.000000 1.000000

	*dmm15_14	-50	-100	-50		50	100	50
	-node_tm
	1.000000 0.000000 -0.000000 0.000000
	0.000000 1.000000 0.000000 0.000000
	0.000000 0.000000 1.000000 0.000000
	-1308.000000 -709.000000 822.000000 1.000000

	*dmm15_15	-50	-100	-50		50	100	50
	-node_tm
	1.000000 0.000000 -0.000000 0.000000
	0.000000 1.000000 0.000000 0.000000
	0.000000 0.000000 1.000000 0.000000
	-1208.000000 -709.000000 822.000000 1.000000

	*dmm16_0	-75	-150	-75		75	150	75
	-node_tm
	1.000000 0.000000 -0.000000 0.000000
	0.000000 1.000000 0.000000 0.000000
	0.000000 0.000000 1.000000 0.000000
	-2979.000000 -693.000000 -242.000000 1.000000

	*dmm16_1	-75	-150	-75		75	150	75
	-node_tm
	1.000000 0.000000 -0.000000 0.000000
	0.000000 1.000000 0.000000 0.000000
	0.000000 0.000000 1.000000 0.000000
	-2837.000000 -693.000000 -109.000000 1.000000

	*dmm16_2	-75	-150	-75		75	150	75
	-node_tm
	1.000000 0.000000 -0.000000 0.000000
	0.000000 1.000000 0.000000 0.000000
	0.000000 0.000000 1.000000 0.000000
	-2687.000000 -693.000000 -109.000000 1.000000

	*dmm16_3	-75	-150	-75		75	150	75
	-node_tm
	1.000000 0.000000 -0.000000 0.000000
	0.000000 1.000000 0.000000 0.000000
	0.000000 0.000000 1.000000 0.000000
	-2537.000000 -693.000000 -109.000000 1.000000

	*dmm16_4	-75	-150	-75		75	150	75
	-node_tm
	1.000000 0.000000 -0.000000 0.000000
	0.000000 1.000000 0.000000 0.000000
	0.000000 0.000000 1.000000 0.000000
	-3099.000000 -693.000000 -27.000000 1.000000

	*dmm16_5	-75	-150	-75		75	150	75
	-node_tm
	1.000000 0.000000 -0.000000 0.000000
	0.000000 1.000000 0.000000 0.000000
	0.000000 0.000000 1.000000 0.000000
	-2837.000000 -693.000000 40.000000 1.000000

	*dmm16_6	-75	-150	-75		75	150	75
	-node_tm
	1.000000 0.000000 -0.000000 0.000000
	0.000000 1.000000 0.000000 0.000000
	0.000000 0.000000 1.000000 0.000000
	-2687.000000 -693.000000 40.000000 1.000000

	*dmm16_7	-75	-150	-75		75	150	75
	-node_tm
	1.000000 0.000000 -0.000000 0.000000
	0.000000 1.000000 0.000000 0.000000
	0.000000 0.000000 1.000000 0.000000
	-2537.000000 -693.000000 40.000000 1.000000

	*dmm16_8	-75	-150	-75		75	150	75
	-node_tm
	1.000000 0.000000 -0.000000 0.000000
	0.000000 1.000000 0.000000 0.000000
	0.000000 0.000000 1.000000 0.000000
	-3115.000000 -693.000000 203.000000 1.000000

	*dmm16_9	-75	-150	-75		75	150	75
	-node_tm
	1.000000 0.000000 -0.000000 0.000000
	0.000000 1.000000 0.000000 0.000000
	0.000000 0.000000 1.000000 0.000000
	-2837.000000 -693.000000 190.000000 1.000000

	*dmm16_10	-75	-150	-75		75	150	75
	-node_tm
	1.000000 0.000000 -0.000000 0.000000
	0.000000 1.000000 0.000000 0.000000
	0.000000 0.000000 1.000000 0.000000
	-2687.000000 -693.000000 190.000000 1.000000

	*dmm16_11	-75	-150	-75		75	150	75
	-node_tm
	1.000000 0.000000 -0.000000 0.000000
	0.000000 1.000000 0.000000 0.000000
	0.000000 0.000000 1.000000 0.000000
	-2537.000000 -693.000000 190.000000 1.000000

	*dmm16_12	-75	-150	-75		75	150	75
	-node_tm
	1.000000 0.000000 -0.000000 0.000000
	0.000000 1.000000 0.000000 0.000000
	0.000000 0.000000 1.000000 0.000000
	-3028.000000 -693.000000 366.000000 1.000000

	*dmm16_13	-75	-150	-75		75	150	75
	-node_tm
	1.000000 0.000000 -0.000000 0.000000
	0.000000 1.000000 0.000000 0.000000
	0.000000 0.000000 1.000000 0.000000
	-2837.000000 -693.000000 340.000000 1.000000

	*dmm16_14	-75	-150	-75		75	150	75
	-node_tm
	1.000000 0.000000 -0.000000 0.000000
	0.000000 1.000000 0.000000 0.000000
	0.000000 0.000000 1.000000 0.000000
	-2687.000000 -693.000000 340.000000 1.000000

	*dmm16_15	-75	-150	-75		75	150	75
	-node_tm
	1.000000 0.000000 -0.000000 0.000000
	0.000000 1.000000 0.000000 0.000000
	0.000000 0.000000 1.000000 0.000000
	-2473.000000 -693.000000 355.000000 1.000000

	*dmm17_0	-75	-150	-75		75	150	75
	-node_tm
	1.000000 0.000000 -0.000000 0.000000
	0.000000 1.000000 0.000000 0.000000
	0.000000 0.000000 1.000000 0.000000
	-2189.000000 -749.000000 -556.000000 1.000000

	*dmm17_1	-75	-150	-75		75	150	75
	-node_tm
	1.000000 0.000000 -0.000000 0.000000
	0.000000 1.000000 0.000000 0.000000
	0.000000 0.000000 1.000000 0.000000
	-2039.000000 -749.000000 -556.000000 1.000000

	*dmm17_2	-75	-150	-75		75	150	75
	-node_tm
	1.000000 0.000000 -0.000000 0.000000
	0.000000 1.000000 0.000000 0.000000
	0.000000 0.000000 1.000000 0.000000
	-1889.000000 -749.000000 -556.000000 1.000000

	*dmm17_3	-75	-150	-75		75	150	75
	-node_tm
	1.000000 0.000000 -0.000000 0.000000
	0.000000 1.000000 0.000000 0.000000
	0.000000 0.000000 1.000000 0.000000
	-1739.000000 -749.000000 -556.000000 1.000000

	*dmm17_4	-75	-150	-75		75	150	75
	-node_tm
	1.000000 0.000000 -0.000000 0.000000
	0.000000 1.000000 0.000000 0.000000
	0.000000 0.000000 1.000000 0.000000
	-2189.000000 -749.000000 -406.000000 1.000000

	*dmm17_5	-75	-150	-75		75	150	75
	-node_tm
	1.000000 0.000000 -0.000000 0.000000
	0.000000 1.000000 0.000000 0.000000
	0.000000 0.000000 1.000000 0.000000
	-2039.000000 -749.000000 -406.000000 1.000000

	*dmm17_6	-75	-150	-75		75	150	75
	-node_tm
	1.000000 0.000000 -0.000000 0.000000
	0.000000 1.000000 0.000000 0.000000
	0.000000 0.000000 1.000000 0.000000
	-1889.000000 -749.000000 -406.000000 1.000000

	*dmm17_7	-75	-150	-75		75	150	75
	-node_tm
	1.000000 0.000000 -0.000000 0.000000
	0.000000 1.000000 0.000000 0.000000
	0.000000 0.000000 1.000000 0.000000
	-1739.000000 -749.000000 -406.000000 1.000000

	*dmm17_8	-75	-150	-75		75	150	75
	-node_tm
	1.000000 0.000000 -0.000000 0.000000
	0.000000 1.000000 0.000000 0.000000
	0.000000 0.000000 1.000000 0.000000
	-2189.000000 -749.000000 -256.000000 1.000000

	*dmm17_9	-75	-150	-75		75	150	75
	-node_tm
	1.000000 0.000000 -0.000000 0.000000
	0.000000 1.000000 0.000000 0.000000
	0.000000 0.000000 1.000000 0.000000
	-2039.000000 -749.000000 -256.000000 1.000000

	*dmm17_10	-75	-150	-75		75	150	75
	-node_tm
	1.000000 0.000000 -0.000000 0.000000
	0.000000 1.000000 0.000000 0.000000
	0.000000 0.000000 1.000000 0.000000
	-1889.000000 -749.000000 -256.000000 1.000000

	*dmm17_11	-75	-150	-75		75	150	75
	-node_tm
	1.000000 0.000000 -0.000000 0.000000
	0.000000 1.000000 0.000000 0.000000
	0.000000 0.000000 1.000000 0.000000
	-1739.000000 -749.000000 -256.000000 1.000000

	*dmm17_12	-75	-150	-75		75	150	75
	-node_tm
	1.000000 0.000000 -0.000000 0.000000
	0.000000 1.000000 0.000000 0.000000
	0.000000 0.000000 1.000000 0.000000
	-2189.000000 -749.000000 -106.000000 1.000000

	*dmm17_13	-75	-150	-75		75	150	75
	-node_tm
	1.000000 0.000000 -0.000000 0.000000
	0.000000 1.000000 0.000000 0.000000
	0.000000 0.000000 1.000000 0.000000
	-2039.000000 -749.000000 -106.000000 1.000000

	*dmm17_14	-75	-150	-75		75	150	75
	-node_tm
	1.000000 0.000000 -0.000000 0.000000
	0.000000 1.000000 0.000000 0.000000
	0.000000 0.000000 1.000000 0.000000
	-1889.000000 -749.000000 -106.000000 1.000000

	*dmm17_15	-75	-150	-75		75	150	75
	-node_tm
	1.000000 0.000000 -0.000000 0.000000
	0.000000 1.000000 0.000000 0.000000
	0.000000 0.000000 1.000000 0.000000
	-1739.000000 -749.000000 -106.000000 1.000000

	*dmm18_0	-75	-150	-75		75	150	75
	-node_tm
	1.000000 0.000000 -0.000000 0.000000
	0.000000 1.000000 0.000000 0.000000
	0.000000 0.000000 1.000000 0.000000
	-2011.000000 -770.000000 -1225.000000 1.000000

	*dmm18_1	-75	-150	-75		75	150	75
	-node_tm
	1.000000 0.000000 -0.000000 0.000000
	0.000000 1.000000 0.000000 0.000000
	0.000000 0.000000 1.000000 0.000000
	-1861.000000 -770.000000 -1225.000000 1.000000

	*dmm18_2	-75	-150	-75		75	150	75
	-node_tm
	1.000000 0.000000 -0.000000 0.000000
	0.000000 1.000000 0.000000 0.000000
	0.000000 0.000000 1.000000 0.000000
	-1711.000000 -770.000000 -1225.000000 1.000000

	*dmm18_3	-75	-150	-75		75	150	75
	-node_tm
	1.000000 0.000000 -0.000000 0.000000
	0.000000 1.000000 0.000000 0.000000
	0.000000 0.000000 1.000000 0.000000
	-1561.000000 -770.000000 -1225.000000 1.000000

	*dmm18_4	-75	-150	-75		75	150	75
	-node_tm
	1.000000 0.000000 -0.000000 0.000000
	0.000000 1.000000 0.000000 0.000000
	0.000000 0.000000 1.000000 0.000000
	-2011.000000 -770.000000 -1075.000000 1.000000

	*dmm18_5	-75	-150	-75		75	150	75
	-node_tm
