script_begin


[HelperObjectBegin]

	*dpgoto_accretia_HQ	-100	-50	-112		100	50	112
	-node_tm
	0.999848 0.000000 -0.017452 0.000000
	0.000000 1.000000 0.000000 0.000000
	0.017452 0.000000 0.999848 0.000000
	4760.000000 478.000000 -7681.000000 1.000000

	*dpgoto_bellato_HQ	-79	-50	-79		79	50	79
	-node_tm
	0.034899 0.000000 -0.999391 0.000000
	0.000000 1.000000 0.000000 0.000000
	0.999391 0.000000 0.034899 0.000000
	-9576.000000 -918.000000 2712.000000 1.000000

	*dpgoto_cora_HQ	-120	-50	-106		120	50	106
	-node_tm
	1.000000 0.000000 -0.000000 0.000000
	0.000000 1.000000 0.000000 0.000000
	0.000000 0.000000 1.000000 0.000000
	5695.000000 305.000000 4893.000000 1.000000

	*dpgoto_neutralcs1_town	-120	-50	-106		120	50	106
	-node_tm
	1.000000 0.000000 -0.000000 0.000000
	0.000000 1.000000 0.000000 0.000000
	0.000000 0.000000 1.000000 0.000000
	5695.000000 305.000000 4893.000000 1.000000

	*dpgoto_neutralbs1_town	-79	-50	-79		79	50	79
	-node_tm
	0.034899 0.000000 -0.999391 0.000000
	0.000000 1.000000 0.000000 0.000000
	0.999391 0.000000 0.034899 0.000000
	-9576.000000 -918.000000 2712.000000 1.000000

	*dpgoto_neutralas1_town	-100	-50	-112		100	50	112
	-node_tm
	0.999848 0.000000 -0.017452 0.000000
	0.000000 1.000000 0.000000 0.000000
	0.017452 0.000000 0.999848 0.000000
	4760.000000 478.000000 -7681.000000 1.000000

	*dpgoto_neutralcs1_road	-195	-179	-214		195	179	214
	-node_tm
	1.000000 0.000000 -0.000000 0.000000
	0.000000 1.000000 0.000000 0.000000
	0.000000 0.000000 1.000000 0.000000
	2283.000000 -426.000000 10654.000000 1.000000

	*dpgoto_neutralbs1_road	-353	-173	-453		353	173	453
	-node_tm
	1.000000 0.000000 -0.000000 0.000000
	0.000000 1.000000 0.000000 0.000000
	0.000000 0.000000 1.000000 0.000000
	-13451.000000 -1604.000000 -2974.000000 1.000000

	*dpgoto_neutralas1_road	-251	-173	-218		251	173	218
	-node_tm
	1.000000 0.000000 -0.000000 0.000000
	0.000000 1.000000 0.000000 0.000000
	0.000000 0.000000 1.000000 0.000000
	7859.000000 -123.000000 -5773.000000 1.000000

	*dpfrom_neutralcs1_road	-136	-173	-117		136	173	117
	-node_tm
	1.000000 0.000000 -0.000000 0.000000
	0.000000 1.000000 0.000000 0.000000
	0.000000 0.000000 1.000000 0.000000
	2225.000000 -446.000000 10259.000000 1.000000

	*dpfrom_neutralbs1_road	-123	-173	-133		123	173	133
	-node_tm
	1.000000 0.000000 -0.000000 0.000000
	0.000000 1.000000 0.000000 0.000000
	0.000000 0.000000 1.000000 0.000000
	-13167.000000 -1475.000000 -2311.000000 1.000000

	*dpfrom_neutralas1_road	-197	-173	-126		197	173	126
	-node_tm
	1.000000 0.000000 -0.000000 0.000000
	0.000000 1.000000 0.000000 0.000000
	0.000000 0.000000 1.000000 0.000000
	7419.000000 -138.000000 -5711.000000 1.000000

	*dpfrom_accretia_portal	-80	-51	-84		80	51	84
	-node_tm
	1.000000 0.000000 -0.000000 0.000000
	0.000000 1.000000 0.000000 0.000000
	0.000000 0.000000 1.000000 0.000000
	4760.000000 482.000000 -7661.000000 1.000000

	*dpfrom_bellato_portal	-93	-90	-73		93	90	73
	-node_tm
	1.000000 0.000000 -0.000000 0.000000
	0.000000 1.000000 0.000000 0.000000
	0.000000 0.000000 1.000000 0.000000
	-9588.000000 -938.000000 2721.000000 1.000000

	*dpfrom_cora_portal	-111	-140	-94		111	140	94
	-node_tm
	1.000000 0.000000 -0.000000 0.000000
	0.000000 1.000000 0.000000 0.000000
	0.000000 0.000000 1.000000 0.000000
	5756.000000 296.000000 4759.000000 1.000000

	*dpmine	-50	-150	-50		50	150	50
	-node_tm
	0.992546 0.000000 -0.121869 0.000000
	0.000000 1.000000 0.000000 0.000000
	0.121869 0.000000 0.992546 0.000000
	-233.000000 -1708.000000 -282.000000 1.000000

	*dpfrom_town	-100	-50	-20		100	50	20
	-node_tm
	1.000000 0.000000 -0.000000 0.000000
	0.000000 1.000000 0.000000 0.000000
	0.000000 0.000000 1.000000 0.000000
	-286.000000 -2425.000000 2882.000000 1.000000

	*0dr	-52	-150	-63		52	150	63
	-node_tm
	0.992546 0.000000 -0.121869 0.000000
	0.000000 1.000000 0.000000 0.000000
	0.121869 0.000000 0.992546 0.000000
	-531.000000 -2413.000000 1788.000000 1.000000

	*0dr	-52	-150	-63		52	150	63
	-node_tm
	0.992546 0.000000 -0.121869 0.000000
	0.000000 1.000000 0.000000 0.000000
	0.121869 0.000000 0.992546 0.000000
	-428.000000 -2413.000000 1775.000000 1.000000

	*0dr	-52	-150	-63		52	150	63
	-node_tm
	0.992546 0.000000 -0.121869 0.000000
	0.000000 1.000000 0.000000 0.000000
	0.121869 0.000000 0.992546 0.000000
	-324.000000 -2413.000000 1761.000000 1.000000

	*0dr	-52	-150	-63		52	150	63
	-node_tm
	0.992546 0.000000 -0.121869 0.000000
	0.000000 1.000000 0.000000 0.000000
	0.121869 0.000000 0.992546 0.000000
	-220.000000 -2413.000000 1748.000000 1.000000

	*0dr	-52	-150	-63		52	150	63
	-node_tm
	0.992546 0.000000 -0.121869 0.000000
	0.000000 1.000000 0.000000 0.000000
	0.121869 0.000000 0.992546 0.000000
	-116.000000 -2413.000000 1734.000000 1.000000

	*0dr	-52	-150	-63		52	150	63
	-node_tm
	0.992546 0.000000 -0.121869 0.000000
	0.000000 1.000000 0.000000 0.000000
	0.121869 0.000000 0.992546 0.000000
	-619.000000 -2413.000000 1927.000000 1.000000

	*0dr	-52	-150	-63		52	150	63
	-node_tm
	0.992546 0.000000 -0.121869 0.000000
	0.000000 1.000000 0.000000 0.000000
	0.121869 0.000000 0.992546 0.000000
	-515.000000 -2413.000000 1913.000000 1.000000

	*0dr	-52	-150	-63		52	150	63
	-node_tm
	0.992546 0.000000 -0.121869 0.000000
	0.000000 1.000000 0.000000 0.000000
	0.121869 0.000000 0.992546 0.000000
	-411.000000 -2413.000000 1900.000000 1.000000

	*0dr	-52	-150	-63		52	150	63
	-node_tm
	0.992546 0.000000 -0.121869 0.000000
	0.000000 1.000000 0.000000 0.000000
	0.121869 0.000000 0.992546 0.000000
	-307.000000 -2413.000000 1886.000000 1.000000

	*0dr	-52	-150	-63		52	150	63
	-node_tm
	0.992546 0.000000 -0.121869 0.000000
	0.000000 1.000000 0.000000 0.000000
	0.121869 0.000000 0.992546 0.000000
	-203.000000 -2413.000000 1873.000000 1.000000

	*0dr	-52	-150	-63		52	150	63
	-node_tm
	0.992546 0.000000 -0.121869 0.000000
	0.000000 1.000000 0.000000 0.000000
	0.121869 0.000000 0.992546 0.000000
	3.000000 -2413.000000 1845.000000 1.000000

	*0dr	-52	-150	-63		52	150	63
	-node_tm
	0.992546 0.000000 -0.121869 0.000000
	0.000000 1.000000 0.000000 0.000000
	0.121869 0.000000 0.992546 0.000000
	-603.000000 -2413.000000 2052.000000 1.000000

	*0dr	-52	-150	-63		52	150	63
	-node_tm
	0.992546 0.000000 -0.121869 0.000000
	0.000000 1.000000 0.000000 0.000000
	0.121869 0.000000 0.992546 0.000000
	-499.000000 -2413.000000 2038.000000 1.000000

	*0dr	-52	-150	-63		52	150	63
	-node_tm
	0.992546 0.000000 -0.121869 0.000000
	0.000000 1.000000 0.000000 0.000000
	0.121869 0.000000 0.992546 0.000000
	-395.000000 -2413.000000 2025.000000 1.000000

	*0dr	-52	-150	-63		52	150	63
	-node_tm
	0.992546 0.000000 -0.121869 0.000000
	0.000000 1.000000 0.000000 0.000000
	0.121869 0.000000 0.992546 0.000000
	-291.000000 -2413.000000 2011.000000 1.000000

	*0dr	-52	-150	-63		52	150	63
	-node_tm
	0.992546 0.000000 -0.121869 0.000000
	0.000000 1.000000 0.000000 0.000000
	0.121869 0.000000 0.992546 0.000000
	-187.000000 -2413.000000 1997.000000 1.000000

	*0dr	-52	-150	-63		52	150	63
	-node_tm
	0.992546 0.000000 -0.121869 0.000000
	0.000000 1.000000 0.000000 0.000000
	0.121869 0.000000 0.992546 0.000000
	-83.000000 -2413.000000 1984.000000 1.000000

	*0dr	-52	-150	-63		52	150	63
	-node_tm
	0.992546 0.000000 -0.121869 0.000000
	0.000000 1.000000 0.000000 0.000000
	0.121869 0.000000 0.992546 0.000000
	20.000000 -2413.000000 1970.000000 1.000000

	*0dr	-52	-150	-63		52	150	63
	-node_tm
	0.992546 0.000000 -0.121869 0.000000
	0.000000 1.000000 0.000000 0.000000
	0.121869 0.000000 0.992546 0.000000
	-690.000000 -2413.000000 2190.000000 1.000000

	*0dr	-52	-150	-63		52	150	63
	-node_tm
	0.992546 0.000000 -0.121869 0.000000
	0.000000 1.000000 0.000000 0.000000
	0.121869 0.000000 0.992546 0.000000
	-586.000000 -2413.000000 2177.000000 1.000000

	*0dr	-52	-150	-63		52	150	63
	-node_tm
	0.992546 0.000000 -0.121869 0.000000
	0.000000 1.000000 0.000000 0.000000
	0.121869 0.000000 0.992546 0.000000
	-482.000000 -2413.000000 2163.000000 1.000000

	*0dr	-52	-150	-63		52	150	63
	-node_tm
	0.992546 0.000000 -0.121869 0.000000
	0.000000 1.000000 0.000000 0.000000
	0.121869 0.000000 0.992546 0.000000
	-67.000000 -2413.000000 2109.000000 1.000000

	*0dr	-52	-150	-63		52	150	63
	-node_tm
	0.992546 0.000000 -0.121869 0.000000
	0.000000 1.000000 0.000000 0.000000
	0.121869 0.000000 0.992546 0.000000
	36.000000 -2413.000000 2095.000000 1.000000

	*0dr	-52	-150	-63		52	150	63
	-node_tm
	0.992546 0.000000 -0.121869 0.000000
	0.000000 1.000000 0.000000 0.000000
	0.121869 0.000000 0.992546 0.000000
	140.000000 -2413.000000 2082.000000 1.000000

	*0dr	-52	-150	-63		52	150	63
	-node_tm
	0.992546 0.000000 -0.121869 0.000000
	0.000000 1.000000 0.000000 0.000000
	0.121869 0.000000 0.992546 0.000000
	-674.000000 -2413.000000 2315.000000 1.000000

	*0dr	-52	-150	-63		52	150	63
	-node_tm
	0.992546 0.000000 -0.121869 0.000000
	0.000000 1.000000 0.000000 0.000000
	0.121869 0.000000 0.992546 0.000000
	-570.000000 -2413.000000 2302.000000 1.000000

	*0dr	-52	-150	-63		52	150	63
	-node_tm
	0.992546 0.000000 -0.121869 0.000000
	0.000000 1.000000 0.000000 0.000000
	0.121869 0.000000 0.992546 0.000000
	52.000000 -2413.000000 2220.000000 1.000000

	*0dr	-52	-150	-63		52	150	63
	-node_tm
	0.992546 0.000000 -0.121869 0.000000
	0.000000 1.000000 0.000000 0.000000
	0.121869 0.000000 0.992546 0.000000
	156.000000 -2413.000000 2207.000000 1.000000

	*0dr	-52	-150	-63		52	150	63
	-node_tm
	0.992546 0.000000 -0.121869 0.000000
	0.000000 1.000000 0.000000 0.000000
	0.121869 0.000000 0.992546 0.000000
	260.000000 -2413.000000 2193.000000 1.000000

	*0dr	-52	-150	-63		52	150	63
	-node_tm
	0.992546 0.000000 -0.121869 0.000000
	0.000000 1.000000 0.000000 0.000000
	0.121869 0.000000 0.992546 0.000000
	-554.000000 -2413.000000 2427.000000 1.000000

	*0dr	-52	-150	-63		52	150	63
	-node_tm
	0.992546 0.000000 -0.121869 0.000000
	0.000000 1.000000 0.000000 0.000000
	0.121869 0.000000 0.992546 0.000000
	-450.000000 -2413.000000 2413.000000 1.000000

	*0dr	-52	-150	-63		52	150	63
	-node_tm
	0.992546 0.000000 -0.121869 0.000000
	0.000000 1.000000 0.000000 0.000000
	0.121869 0.000000 0.992546 0.000000
	-34.000000 -2413.000000 2359.000000 1.000000

	*0dr	-52	-150	-63		52	150	63
	-node_tm
	0.992546 0.000000 -0.121869 0.000000
	0.000000 1.000000 0.000000 0.000000
	0.121869 0.000000 0.992546 0.000000
	69.000000 -2413.000000 2345.000000 1.000000

	*0dr	-52	-150	-63		52	150	63
	-node_tm
	0.992546 0.000000 -0.121869 0.000000
	0.000000 1.000000 0.000000 0.000000
	0.121869 0.000000 0.992546 0.000000
	173.000000 -2413.000000 2332.000000 1.000000

	*0dr	-52	-150	-63		52	150	63
	-node_tm
	0.992546 0.000000 -0.121869 0.000000
	0.000000 1.000000 0.000000 0.000000
	0.121869 0.000000 0.992546 0.000000
	277.000000 -2413.000000 2318.000000 1.000000

	*0dr	-52	-150	-63		52	150	63
	-node_tm
	0.992546 0.000000 -0.121869 0.000000
	0.000000 1.000000 0.000000 0.000000
	0.121869 0.000000 0.992546 0.000000
	-537.000000 -2413.000000 2552.000000 1.000000

	*0dr	-52	-150	-63		52	150	63
	-node_tm
	0.992546 0.000000 -0.121869 0.000000
	0.000000 1.000000 0.000000 0.000000
	0.121869 0.000000 0.992546 0.000000
	-434.000000 -2413.000000 2538.000000 1.000000

	*0dr	-52	-150	-63		52	150	63
	-node_tm
	0.992546 0.000000 -0.121869 0.000000
	0.000000 1.000000 0.000000 0.000000
	0.121869 0.000000 0.992546 0.000000
	-330.000000 -2413.000000 2524.000000 1.000000

	*0dr	-52	-150	-63		52	150	63
	-node_tm
	0.992546 0.000000 -0.121869 0.000000
	0.000000 1.000000 0.000000 0.000000
	0.121869 0.000000 0.992546 0.000000
	-226.000000 -2413.000000 2511.000000 1.000000

	*0dr	-52	-150	-63		52	150	63
	-node_tm
	0.992546 0.000000 -0.121869 0.000000
	0.000000 1.000000 0.000000 0.000000
	0.121869 0.000000 0.992546 0.000000
	-122.000000 -2413.000000 2497.000000 1.000000

	*0dr	-52	-150	-63		52	150	63
	-node_tm
	0.992546 0.000000 -0.121869 0.000000
	0.000000 1.000000 0.000000 0.000000
	0.121869 0.000000 0.992546 0.000000
	-18.000000 -2413.000000 2484.000000 1.000000

	*0dr	-52	-150	-63		52	150	63
	-node_tm
	0.992546 0.000000 -0.121869 0.000000
	0.000000 1.000000 0.000000 0.000000
	0.121869 0.000000 0.992546 0.000000
	85.000000 -2413.000000 2470.000000 1.000000

	*0dr	-52	-150	-63		52	150	63
	-node_tm
	0.992546 0.000000 -0.121869 0.000000
	0.000000 1.000000 0.000000 0.000000
	0.121869 0.000000 0.992546 0.000000
	189.000000 -2413.000000 2457.000000 1.000000

	*0dr	-52	-150	-63		52	150	63
	-node_tm
	0.992546 0.000000 -0.121869 0.000000
	0.000000 1.000000 0.000000 0.000000
	0.121869 0.000000 0.992546 0.000000
	293.000000 -2413.000000 2443.000000 1.000000

	*0dr	-52	-150	-63		52	150	63
	-node_tm
	0.992546 0.000000 -0.121869 0.000000
	0.000000 1.000000 0.000000 0.000000
	0.121869 0.000000 0.992546 0.000000
	-521.000000 -2413.000000 2676.000000 1.000000

	*0dr	-52	-150	-63		52	150	63
	-node_tm
	0.992546 0.000000 -0.121869 0.000000
	0.000000 1.000000 0.000000 0.000000
	0.121869 0.000000 0.992546 0.000000
	-417.000000 -2413.000000 2663.000000 1.000000

	*0dr	-52	-150	-63		52	150	63
	-node_tm
	0.992546 0.000000 -0.121869 0.000000
	0.000000 1.000000 0.000000 0.000000
	0.121869 0.000000 0.992546 0.000000
	-313.000000 -2413.000000 2649.000000 1.000000

	*0dr	-52	-150	-63		52	150	63
	-node_tm
	0.992546 0.000000 -0.121869 0.000000
	0.000000 1.000000 0.000000 0.000000
	0.121869 0.000000 0.992546 0.000000
	-209.000000 -2413.000000 2636.000000 1.000000

	*0dr	-52	-150	-63		52	150	63
	-node_tm
	0.992546 0.000000 -0.121869 0.000000
	0.000000 1.000000 0.000000 0.000000
	0.121869 0.000000 0.992546 0.000000
	-105.000000 -2413.000000 2622.000000 1.000000

	*0dr	-52	-150	-63		52	150	63
	-node_tm
	0.992546 0.000000 -0.121869 0.000000
	0.000000 1.000000 0.000000 0.000000
	0.121869 0.000000 0.992546 0.000000
	-2.000000 -2413.000000 2609.000000 1.000000

	*0dr	-52	-150	-63		52	150	63
	-node_tm
	0.992546 0.000000 -0.121869 0.000000
	0.000000 1.000000 0.000000 0.000000
	0.121869 0.000000 0.992546 0.000000
	101.000000 -2413.000000 2595.000000 1.000000

	*0dr	-52	-150	-63		52	150	63
	-node_tm
	0.992546 0.000000 -0.121869 0.000000
	0.000000 1.000000 0.000000 0.000000
	0.121869 0.000000 0.992546 0.000000
	205.000000 -2413.000000 2581.000000 1.000000

	*0dr	-52	-150	-63		52	150	63
	-node_tm
	0.992546 0.000000 -0.121869 0.000000
	0.000000 1.000000 0.000000 0.000000
	0.121869 0.000000 0.992546 0.000000
	309.000000 -2413.000000 2568.000000 1.000000

	*0dr	-52	-150	-63		52	150	63
	-node_tm
	0.992546 0.000000 -0.121869 0.000000
	0.000000 1.000000 0.000000 0.000000
	0.121869 0.000000 0.992546 0.000000
	-505.000000 -2413.000000 2801.000000 1.000000

	*0dr	-52	-150	-63		52	150	63
	-node_tm
	0.992546 0.000000 -0.121869 0.000000
	0.000000 1.000000 0.000000 0.000000
	0.121869 0.000000 0.992546 0.000000
	-401.000000 -2413.000000 2788.000000 1.000000

	*0dr	-52	-150	-63		52	150	63
	-node_tm
	0.992546 0.000000 -0.121869 0.000000
	0.000000 1.000000 0.000000 0.000000
	0.121869 0.000000 0.992546 0.000000
	-297.000000 -2413.000000 2774.000000 1.000000

	*0dr	-52	-150	-63		52	150	63
	-node_tm
	0.992546 0.000000 -0.121869 0.000000
	0.000000 1.000000 0.000000 0.000000
	0.121869 0.000000 0.992546 0.000000
	-193.000000 -2413.000000 2761.000000 1.000000

	*0dr	-52	-150	-63		52	150	63
	-node_tm
	0.992546 0.000000 -0.121869 0.000000
	0.000000 1.000000 0.000000 0.000000
	0.121869 0.000000 0.992546 0.000000
	-89.000000 -2413.000000 2747.000000 1.000000

	*0dr	-52	-150	-63		52	150	63
	-node_tm
	0.992546 0.000000 -0.121869 0.000000
	0.000000 1.000000 0.000000 0.000000
	0.121869 0.000000 0.992546 0.000000
	14.000000 -2413.000000 2734.000000 1.000000

	*0dr	-52	-150	-63		52	150	63
	-node_tm
	0.992546 0.000000 -0.121869 0.000000
	0.000000 1.000000 0.000000 0.000000
	0.121869 0.000000 0.992546 0.000000
	118.000000 -2413.000000 2720.000000 1.000000

	*0dr	-52	-150	-63		52	150	63
	-node_tm
	0.992546 0.000000 -0.121869 0.000000
	0.000000 1.000000 0.000000 0.000000
	0.121869 0.000000 0.992546 0.000000
	222.000000 -2413.000000 2706.000000 1.000000

	*0dr	-52	-150	-63		52	150	63
	-node_tm
	0.992546 0.000000 -0.121869 0.000000
	0.000000 1.000000 0.000000 0.000000
	0.121869 0.000000 0.992546 0.000000
	326.000000 -2413.000000 2693.000000 1.000000

	*dmm010_0	-150	-200	-150		150	200	150
	-node_tm
	0.992546 0.000000 -0.121869 0.000000
	0.000000 1.000000 0.000000 0.000000
	0.121869 0.000000 0.992546 0.000000
	-1018.000000 -1764.000000 -1114.000000 1.000000

	*dmm010_1	-150	-200	-150		150	200	150
	-node_tm
	0.992546 0.000000 -0.121869 0.000000
	0.000000 1.000000 0.000000 0.000000
	0.121869 0.000000 0.992546 0.000000
	-720.000000 -1764.000000 -1153.000000 1.000000

	*dmm010_2	-150	-200	-150		150	200	150
	-node_tm
	0.992546 0.000000 -0.121869 0.000000
	0.000000 1.000000 0.000000 0.000000
	0.121869 0.000000 0.992546 0.000000
	-423.000000 -1764.000000 -1192.000000 1.000000

	*dmm010_3	-150	-200	-150		150	200	150
	-node_tm
	0.992546 0.000000 -0.121869 0.000000
	0.000000 1.000000 0.000000 0.000000
	0.121869 0.000000 0.992546 0.000000
	-125.000000 -1764.000000 -1231.000000 1.000000

	*dmm010_4	-150	-200	-150		150	200	150
	-node_tm
	0.992546 0.000000 -0.121869 0.000000
	0.000000 1.000000 0.000000 0.000000
	0.121869 0.000000 0.992546 0.000000
	171.000000 -1764.000000 -1270.000000 1.000000

	*dmm010_5	-150	-200	-150		150	200	150
	-node_tm
	0.992546 0.000000 -0.121869 0.000000
	0.000000 1.000000 0.000000 0.000000
	0.121869 0.000000 0.992546 0.000000
	-979.000000 -1764.000000 -817.000000 1.000000

	*dmm010_6	-150	-200	-150		150	200	150
	-node_tm
	0.992546 0.000000 -0.121869 0.000000
	0.000000 1.000000 0.000000 0.000000
	0.121869 0.000000 0.992546 0.000000
	-682.000000 -1764.000000 -856.000000 1.000000

	*dmm010_7	-150	-200	-150		150	200	150
	-node_tm
	0.992546 0.000000 -0.121869 0.000000
	0.000000 1.000000 0.000000 0.000000
	0.121869 0.000000 0.992546 0.000000
	-384.000000 -1764.000000 -895.000000 1.000000

	*dmm010_8	-150	-200	-150		150	200	150
	-node_tm
	0.992546 0.000000 -0.121869 0.000000
	0.000000 1.000000 0.000000 0.000000
	0.121869 0.000000 0.992546 0.000000
	-87.000000 -1764.000000 -933.000000 1.000000

	*dmm010_9	-150	-200	-150		150	200	150
	-node_tm
	0.992546 0.000000 -0.121869 0.000000
	0.000000 1.000000 0.000000 0.000000
	0.121869 0.000000 0.992546 0.000000
	210.000000 -1764.000000 -972.000000 1.000000

	*dmm010_10	-150	-200	-150		150	200	150
	-node_tm
	0.992546 0.000000 -0.121869 0.000000
	0.000000 1.000000 0.000000 0.000000
	0.121869 0.000000 0.992546 0.000000
	-940.000000 -1764.000000 -519.000000 1.000000

	*dmm010_11	-150	-200	-150		150	200	150
	-node_tm
	0.992546 0.000000 -0.121869 0.000000
	0.000000 1.000000 0.000000 0.000000
	0.121869 0.000000 0.992546 0.000000
	-643.000000 -1764.000000 -558.000000 1.000000

	*dmm010_12	-150	-200	-150		150	200	150
	-node_tm
	0.992546 0.000000 -0.121869 0.000000
	0.000000 1.000000 0.000000 0.000000
	0.121869 0.000000 0.992546 0.000000
	-345.000000 -1764.000000 -597.000000 1.000000

	*dmm010_13	-150	-200	-150		150	200	150
	-node_tm
	0.992546 0.000000 -0.121869 0.000000
	0.000000 1.000000 0.000000 0.000000
	0.121869 0.000000 0.992546 0.000000
	-48.000000 -1764.000000 -636.000000 1.000000

	*dmm010_14	-150	-200	-150		150	200	150
	-node_tm
	0.992546 0.000000 -0.121869 0.000000
	0.000000 1.000000 0.000000 0.000000
	0.121869 0.000000 0.992546 0.000000
	249.000000 -1764.000000 -675.000000 1.000000

	*dmm010_15	-150	-200	-150		150	200	150
	-node_tm
	0.992546 0.000000 -0.121869 0.000000
	0.000000 1.000000 0.000000 0.000000
	0.121869 0.000000 0.992546 0.000000
	-901.000000 -1764.000000 -222.000000 1.000000

	*dmm010_16	-150	-200	-150		150	200	150
	-node_tm
	0.992546 0.000000 -0.121869 0.000000
	0.000000 1.000000 0.000000 0.000000
	0.121869 0.000000 0.992546 0.000000
	-604.000000 -1764.000000 -261.000000 1.000000

	*dmm010_19	-150	-200	-150		150	200	150
	-node_tm
	0.992546 0.000000 -0.121869 0.000000
	0.000000 1.000000 0.000000 0.000000
	0.121869 0.000000 0.992546 0.000000
	288.000000 -1764.000000 -377.000000 1.000000

	*dmm011_0	-150	-200	-150		150	200	150
	-node_tm
	0.992546 0.000000 -0.121869 0.000000
	0.000000 1.000000 0.000000 0.000000
	0.121869 0.000000 0.992546 0.000000
	-773.000000 -1742.000000 759.000000 1.000000

	*dmm011_3	-150	-200	-150		150	200	150
	-node_tm
	0.992546 0.000000 -0.121869 0.000000
	0.000000 1.000000 0.000000 0.000000
	0.121869 0.000000 0.992546 0.000000
	119.000000 -1742.000000 642.000000 1.000000

	*dmm011_4	-150	-200	-150		150	200	150
	-node_tm
	0.992546 0.000000 -0.121869 0.000000
	0.000000 1.000000 0.000000 0.000000
	0.121869 0.000000 0.992546 0.000000
	416.000000 -1742.000000 603.000000 1.000000

	*dmm011_5	-150	-200	-150		150	200	150
	-node_tm
	0.992546 0.000000 -0.121869 0.000000
	0.000000 1.000000 0.000000 0.000000
	0.121869 0.000000 0.992546 0.000000
	-734.000000 -1742.000000 1056.000000 1.000000

	*dmm011_6	-150	-200	-150		150	200	150
	-node_tm
	0.992546 0.000000 -0.121869 0.000000
	0.000000 1.000000 0.000000 0.000000
	0.121869 0.000000 0.992546 0.000000
	-436.000000 -1652.000000 1017.000000 1.000000

	*dmm011_7	-150	-200	-150		150	200	150
	-node_tm
	0.992546 0.000000 -0.121869 0.000000
	0.000000 1.000000 0.000000 0.000000
	0.121869 0.000000 0.992546 0.000000
	-139.000000 -1653.000000 979.000000 1.000000

	*dmm011_8	-150	-200	-150		150	200	150
	-node_tm
	0.992546 0.000000 -0.121869 0.000000
	0.000000 1.000000 0.000000 0.000000
	0.121869 0.000000 0.992546 0.000000
	158.000000 -1742.000000 940.000000 1.000000

	*dmm011_9	-150	-200	-150		150	200	150
	-node_tm
	0.992546 0.000000 -0.121869 0.000000
	0.000000 1.000000 0.000000 0.000000
	0.121869 0.000000 0.992546 0.000000
	455.000000 -1742.000000 901.000000 1.000000

	*dmm011_10	-150	-200	-150		150	200	150
	-node_tm
	0.992546 0.000000 -0.121869 0.000000
	0.000000 1.000000 0.000000 0.000000
	0.121869 0.000000 0.992546 0.000000
	-695.000000 -1672.000000 1354.000000 1.000000

	*dmm011_13	-150	-200	-150		150	200	150
	-node_tm
	0.992546 0.000000 -0.121869 0.000000
	0.000000 1.000000 0.000000 0.000000
	0.121869 0.000000 0.992546 0.000000
	196.000000 -1742.000000 1237.000000 1.000000

	*dmm011_14	-150	-200	-150		150	200	150
	-node_tm
	0.992546 0.000000 -0.121869 0.000000
	0.000000 1.000000 0.000000 0.000000
	0.121869 0.000000 0.992546 0.000000
	494.000000 -1742.000000 1198.000000 1.000000

	*dmm011_18	-150	-200	-150		150	200	150
	-node_tm
	0.992546 0.000000 -0.121869 0.000000
	0.000000 1.000000 0.000000 0.000000
	0.121869 0.000000 0.992546 0.000000
	235.000000 -1742.000000 1535.000000 1.000000

	*dmm012_0	-150	-200	-150		150	200	150
	-node_tm
	0.992546 0.000000 -0.121869 0.000000
	0.000000 1.000000 0.000000 0.000000
	0.121869 0.000000 0.992546 0.000000
	606.000000 -1771.000000 -408.000000 1.000000

	*dmm012_1	-150	-200	-150		150	200	150
	-node_tm
	0.992546 0.000000 -0.121869 0.000000
	0.000000 1.000000 0.000000 0.000000
	0.121869 0.000000 0.992546 0.000000
	904.000000 -1771.000000 -447.000000 1.000000

	*dmm012_2	-150	-200	-150		150	200	150
	-node_tm
	0.992546 0.000000 -0.121869 0.000000
	0.000000 1.000000 0.000000 0.000000
	0.121869 0.000000 0.992546 0.000000
	1201.000000 -1771.000000 -486.000000 1.000000

	*dmm012_4	-150	-200	-150		150	200	150
	-node_tm
	0.992546 0.000000 -0.121869 0.000000
	0.000000 1.000000 0.000000 0.000000
	0.121869 0.000000 0.992546 0.000000
	645.000000 -1771.000000 -110.000000 1.000000

	*dmm012_5	-150	-200	-150		150	200	150
	-node_tm
	0.992546 0.000000 -0.121869 0.000000
	0.000000 1.000000 0.000000 0.000000
	0.121869 0.000000 0.992546 0.000000
	943.000000 -1771.000000 -149.000000 1.000000

	*dmm012_6	-150	-200	-150		150	200	150
	-node_tm
	0.992546 0.000000 -0.121869 0.000000
	0.000000 1.000000 0.000000 0.000000
	0.121869 0.000000 0.992546 0.000000
	1240.000000 -1771.000000 -188.000000 1.000000

	*dmm012_8	-150	-200	-150		150	200	150
	-node_tm
	0.992546 0.000000 -0.121869 0.000000
	0.000000 1.000000 0.000000 0.000000
	0.121869 0.000000 0.992546 0.000000
	684.000000 -1771.000000 186.000000 1.000000

	*dmm012_9	-150	-200	-150		150	200	150
	-node_tm
	0.992546 0.000000 -0.121869 0.000000
	0.000000 1.000000 0.000000 0.000000
	0.121869 0.000000 0.992546 0.000000
	981.000000 -1771.000000 147.000000 1.000000

	*dmm012_10	-150	-200	-150		150	200	150
	-node_tm
	0.992546 0.000000 -0.121869 0.000000
	0.000000 1.000000 0.000000 0.000000
	0.121869 0.000000 0.992546 0.000000
	1279.000000 -1771.000000 108.000000 1.000000

	*dmm012_12	-150	-200	-150		150	200	150
	-node_tm
	0.992546 0.000000 -0.121869 0.000000
	0.000000 1.000000 0.000000 0.000000
	0.121869 0.000000 0.992546 0.000000
	723.000000 -1771.000000 484.000000 1.000000

	*dmm012_13	-150	-200	-150		150	200	150
	-node_tm
	0.992546 0.000000 -0.121869 0.000000
	0.000000 1.000000 0.000000 0.000000
	0.121869 0.000000 0.992546 0.000000
	1020.000000 -1771.000000 445.000000 1.000000

	*dmm012_14	-150	-200	-150		150	200	150
	-node_tm
	0.992546 0.000000 -0.121869 0.000000
	0.000000 1.000000 0.000000 0.000000
	0.121869 0.000000 0.992546 0.000000
	1318.000000 -1771.000000 406.000000 1.000000

	*dmm012_16	-150	-200	-150		150	200	150
	-node_tm
	0.992546 0.000000 -0.121869 0.000000
	0.000000 1.000000 0.000000 0.000000
	0.121869 0.000000 0.992546 0.000000
	762.000000 -1771.000000 781.000000 1.000000

	*dmm013_1	-150	-200	-150		150	200	150
	-node_tm
	0.992546 0.000000 -0.121869 0.000000
	0.000000 1.000000 0.000000 0.000000
	0.121869 0.000000 0.992546 0.000000
	-1853.000000 -1686.000000 -232.000000 1.000000

	*dmm013_2	-150	-200	-150		150	200	150
	-node_tm
	0.992546 0.000000 -0.121869 0.000000
	0.000000 1.000000 0.000000 0.000000
	0.121869 0.000000 0.992546 0.000000
	-1556.000000 -1686.000000 -271.000000 1.000000

	*dmm013_3	-150	-200	-150		150	200	150
	-node_tm
	0.992546 0.000000 -0.121869 0.000000
	0.000000 1.000000 0.000000 0.000000
	0.121869 0.000000 0.992546 0.000000
	-1258.000000 -1686.000000 -309.000000 1.000000

	*dmm013_5	-150	-200	-150		150	200	150
	-node_tm
	0.992546 0.000000 -0.121869 0.000000
	0.000000 1.000000 0.000000 0.000000
	0.121869 0.000000 0.992546 0.000000
	-1814.000000 -1686.000000 65.000000 1.000000

	*dmm013_6	-150	-200	-150		150	200	150
	-node_tm
	0.992546 0.000000 -0.121869 0.000000
	0.000000 1.000000 0.000000 0.000000
	0.121869 0.000000 0.992546 0.000000
	-1517.000000 -1686.000000 26.000000 1.000000

	*dmm013_7	-150	-200	-150		150	200	150
	-node_tm
	0.992546 0.000000 -0.121869 0.000000
	0.000000 1.000000 0.000000 0.000000
	0.121869 0.000000 0.992546 0.000000
	-1219.000000 -1686.000000 -12.000000 1.000000

	*dmm013_11	-150	-200	-150		150	200	150
	-node_tm
	0.992546 0.000000 -0.121869 0.000000
	0.000000 1.000000 0.000000 0.000000
	0.121869 0.000000 0.992546 0.000000
	-1181.000000 -1686.000000 285.000000 1.000000

	*dmm013_15	-150	-200	-150		150	200	150
	-node_tm
	0.992546 0.000000 -0.121869 0.000000
	0.000000 1.000000 0.000000 0.000000
	0.121869 0.000000 0.992546 0.000000
	-1141.000000 -1686.000000 582.000000 1.000000

	*dmm013_19	-150	-200	-150		150	200	150
	-node_tm
	0.992546 0.000000 -0.121869 0.000000
	0.000000 1.000000 0.000000 0.000000
	0.121869 0.000000 0.992546 0.000000
	-1103.000000 -1686.000000 880.000000 1.000000

	*dmm020_0	-150	-200	-150		150	200	150
	-node_tm
	0.999391 0.000000 -0.034899 0.000000
	0.000000 1.000000 0.000000 0.000000
	0.034899 0.000000 0.999391 0.000000
	-1852.000000 -1140.000000 5679.000000 1.000000

	*dmm020_1	-150	-200	-150		150	200	150
	-node_tm
	0.999391 0.000000 -0.034899 0.000000
	0.000000 1.000000 0.000000 0.000000
	0.034899 0.000000 0.999391 0.000000
	-1552.000000 -1136.000000 5689.000000 1.000000

	*dmm020_2	-150	-200	-150		150	200	150
	-node_tm
	0.999391 0.000000 -0.034899 0.000000
	0.000000 1.000000 0.000000 0.000000
	0.034899 0.000000 0.999391 0.000000
	-1253.000000 -1140.000000 5700.000000 1.000000

	*dmm020_3	-150	-200	-150		150	200	150
	-node_tm
	0.999391 0.000000 -0.034899 0.000000
	0.000000 1.000000 0.000000 0.000000
	0.034899 0.000000 0.999391 0.000000
	-359.000000 -929.000000 6012.000000 1.000000

	*dmm020_5	-150	-200	-150		150	200	150
	-node_tm
	0.999391 0.000000 -0.034899 0.000000
	0.000000 1.000000 0.000000 0.000000
	0.034899 0.000000 0.999391 0.000000
	-1863.000000 -1144.000000 5979.000000 1.000000

	*dmm020_6	-150	-200	-150		150	200	150
	-node_tm
	0.999391 0.000000 -0.034899 0.000000
	0.000000 1.000000 0.000000 0.000000
	0.034899 0.000000 0.999391 0.000000
	-1563.000000 -1145.000000 5989.000000 1.000000

	*dmm020_7	-150	-200	-150		150	200	150
	-node_tm
	0.999391 0.000000 -0.034899 0.000000
	0.000000 1.000000 0.000000 0.000000
	0.034899 0.000000 0.999391 0.000000
	-1263.000000 -1147.000000 5999.000000 1.000000

	*dmm020_8	-150	-200	-150		150	200	150
	-node_tm
	0.999391 0.000000 -0.034899 0.000000
	0.000000 1.000000 0.000000 0.000000
	0.034899 0.000000 0.999391 0.000000
	-963.000000 -1151.000000 6010.000000 1.000000

	*dmm020_9	-150	-200	-150		150	200	150
	-node_tm
	0.999391 0.000000 -0.034899 0.000000
	0.000000 1.000000 0.000000 0.000000
	0.034899 0.000000 0.999391 0.000000
	-663.000000 -1130.000000 6020.000000 1.000000

	*dmm020_10	-150	-200	-150		150	200	150
	-node_tm
	0.999391 0.000000 -0.034899 0.000000
	0.000000 1.000000 0.000000 0.000000
	0.034899 0.000000 0.999391 0.000000
	-2162.000000 -1160.000000 5748.000000 1.000000

	*dmm020_11	-150	-200	-150		150	200	150
	-node_tm
	0.999391 0.000000 -0.034899 0.000000
	0.000000 1.000000 0.000000 0.000000
	0.034899 0.000000 0.999391 0.000000
	-1573.000000 -1158.000000 6289.000000 1.000000

	*dmm020_12	-150	-200	-150		150	200	150
	-node_tm
	0.999391 0.000000 -0.034899 0.000000
	0.000000 1.000000 0.000000 0.000000
	0.034899 0.000000 0.999391 0.000000
	-1274.000000 -1155.000000 6299.000000 1.000000

	*dmm020_13	-150	-200	-150		150	200	150
	-node_tm
	0.999391 0.000000 -0.034899 0.000000
	0.000000 1.000000 0.000000 0.000000
	0.034899 0.000000 0.999391 0.000000
	-974.000000 -1147.000000 6310.000000 1.000000

	*dmm020_14	-150	-200	-150		150	200	150
	-node_tm
	0.999391 0.000000 -0.034899 0.000000
	0.000000 1.000000 0.000000 0.000000
	0.034899 0.000000 0.999391 0.000000
	-674.000000 -1095.000000 6320.000000 1.000000

	*dmm020_16	-150	-200	-150		150	200	150
	-node_tm
	0.999391 0.000000 -0.034899 0.000000
	0.000000 1.000000 0.000000 0.000000
	0.034899 0.000000 0.999391 0.000000
	-1584.000000 -1142.000000 6589.000000 1.000000

	*dmm020_17	-150	-200	-150		150	200	150
	-node_tm
	0.999391 0.000000 -0.034899 0.000000
	0.000000 1.000000 0.000000 0.000000
	0.034899 0.000000 0.999391 0.000000
	-1284.000000 -1091.000000 6599.000000 1.000000

	*dmm020_18	-150	-200	-150		150	200	150
	-node_tm
	0.999391 0.000000 -0.034899 0.000000
	0.000000 1.000000 0.000000 0.000000
	0.034899 0.000000 0.999391 0.000000
	-1275.000000 -1083.000000 6891.000000 1.000000

	*dmm021_1	-150	-200	-150		150	200	150
	-node_tm
	0.999391 0.000000 -0.034899 0.000000
	0.000000 1.000000 0.000000 0.000000
	0.034899 0.000000 0.999391 0.000000
	-6920.000000 -1641.000000 900.000000 1.000000

	*dmm021_2	-150	-200	-150		150	200	150
	-node_tm
	0.999391 0.000000 -0.034899 0.000000
	0.000000 1.000000 0.000000 0.000000
	0.034899 0.000000 0.999391 0.000000
	-5832.000000 -1714.000000 110.000000 1.000000

	*dmm021_3	-150	-200	-150		150	200	150
	-node_tm
	0.999391 0.000000 -0.034899 0.000000
	0.000000 1.000000 0.000000 0.000000
	0.034899 0.000000 0.999391 0.000000
	-5438.000000 -1695.000000 149.000000 1.000000

	*dmm021_4	-150	-200	-150		150	200	150
	-node_tm
	0.999391 0.000000 -0.034899 0.000000
	0.000000 1.000000 0.000000 0.000000
	0.034899 0.000000 0.999391 0.000000
	-5131.000000 -1729.000000 140.000000 1.000000

	*dmm021_6	-150	-200	-150		150	200	150
	-node_tm
	0.999391 0.000000 -0.034899 0.000000
	0.000000 1.000000 0.000000 0.000000
	0.034899 0.000000 0.999391 0.000000
	-5855.000000 -1789.000000 302.000000 1.000000

	*dmm021_7	-150	-200	-150		150	200	150
	-node_tm
	0.999391 0.000000 -0.034899 0.000000
	0.000000 1.000000 0.000000 0.000000
	0.034899 0.000000 0.999391 0.000000
	-5970.000000 -1810.000000 237.000000 1.000000

	*dmm021_8	-150	-200	-150		150	200	150
	-node_tm
	0.999391 0.000000 -0.034899 0.000000
	0.000000 1.000000 0.000000 0.000000
	0.034899 0.000000 0.999391 0.000000
	-5431.000000 -1781.000000 457.000000 1.000000

	*dmm021_9	-150	-200	-150		150	200	150
	-node_tm
	0.999391 0.000000 -0.034899 0.000000
	0.000000 1.000000 0.000000 0.000000
	0.034899 0.000000 0.999391 0.000000
	-5137.000000 -1761.000000 449.000000 1.000000

	*dmm021_10	-150	-200	-150		150	200	150
	-node_tm
	0.999391 0.000000 -0.034899 0.000000
	0.000000 1.000000 0.000000 0.000000
	0.034899 0.000000 0.999391 0.000000
	-6348.000000 -1772.000000 703.000000 1.000000

	*dmm021_11	-150	-200	-150		150	200	150
	-node_tm
	0.999391 0.000000 -0.034899 0.000000
	0.000000 1.000000 0.000000 0.000000
	0.034899 0.000000 0.999391 0.000000
	-6051.000000 -1792.000000 587.000000 1.000000

	*dmm021_12	-150	-200	-150		150	200	150
	-node_tm
	0.999391 0.000000 -0.034899 0.000000
	0.000000 1.000000 0.000000 0.000000
	0.034899 0.000000 0.999391 0.000000
	-7854.000000 -1505.000000 941.000000 1.000000

	*dmm021_13	-150	-200	-150		150	200	150
	-node_tm
	0.999391 0.000000 -0.034899 0.000000
	0.000000 1.000000 0.000000 0.000000
	0.034899 0.000000 0.999391 0.000000
	-7551.000000 -1529.000000 912.000000 1.000000

	*dmm021_14	-150	-200	-150		150	200	150
	-node_tm
	0.999391 0.000000 -0.034899 0.000000
	0.000000 1.000000 0.000000 0.000000
	0.034899 0.000000 0.999391 0.000000
	-7262.000000 -1596.000000 894.000000 1.000000

	*dmm022_1	-150	-200	-150		150	200	150
	-node_tm
	0.999391 0.000000 -0.034899 0.000000
	0.000000 1.000000 0.000000 0.000000
	0.034899 0.000000 0.999391 0.000000
	-5591.000000 -1933.000000 -5239.000000 1.000000

	*dmm022_2	-150	-200	-150		150	200	150
	-node_tm
	0.999391 0.000000 -0.034899 0.000000
	0.000000 1.000000 0.000000 0.000000
	0.034899 0.000000 0.999391 0.000000
	-5941.000000 -1935.000000 -4943.000000 1.000000

	*dmm022_3	-150	-200	-150		150	200	150
	-node_tm
	0.999391 0.000000 -0.034899 0.000000
	0.000000 1.000000 0.000000 0.000000
	0.034899 0.000000 0.999391 0.000000
	-5641.000000 -1933.000000 -4932.000000 1.000000

	*dmm022_4	-150	-200	-150		150	200	150
	-node_tm
	0.999391 0.000000 -0.034899 0.000000
	0.000000 1.000000 0.000000 0.000000
	0.034899 0.000000 0.999391 0.000000
	-5594.000000 -1931.000000 -5541.000000 1.000000

	*dmm022_5	-150	-200	-150		150	200	150
	-node_tm
	0.999391 0.000000 -0.034899 0.000000
	0.000000 1.000000 0.000000 0.000000
	0.034899 0.000000 0.999391 0.000000
	-6551.000000 -1905.000000 -4664.000000 1.000000

	*dmm022_6	-150	-200	-150		150	200	150
	-node_tm
	0.999391 0.000000 -0.034899 0.000000
	0.000000 1.000000 0.000000 0.000000
	0.034899 0.000000 0.999391 0.000000
	-6251.000000 -1908.000000 -4654.000000 1.000000

	*dmm022_7	-150	-200	-150		150	200	150
	-node_tm
	0.999391 0.000000 -0.034899 0.000000
	0.000000 1.000000 0.000000 0.000000
	0.034899 0.000000 0.999391 0.000000
	-5951.000000 -1909.000000 -4643.000000 1.000000

	*dmm022_8	-150	-200	-150		150	200	150
	-node_tm
	0.999391 0.000000 -0.034899 0.000000
	0.000000 1.000000 0.000000 0.000000
	0.034899 0.000000 0.999391 0.000000
	-5652.000000 -1939.000000 -4633.000000 1.000000

	*dmm022_9	-150	-200	-150		150	200	150
	-node_tm
	0.999391 0.000000 -0.034899 0.000000
	0.000000 1.000000 0.000000 0.000000
	0.034899 0.000000 0.999391 0.000000
	-5065.000000 -1870.000000 -3944.000000 1.000000

	*dmm022_10	-150	-200	-150		150	200	150
	-node_tm
	0.999391 0.000000 -0.034899 0.000000
	0.000000 1.000000 0.000000 0.000000
	0.034899 0.000000 0.999391 0.000000
	-6562.000000 -1833.000000 -4364.000000 1.000000

	*dmm022_11	-150	-200	-150		150	200	150
	-node_tm
	0.999391 0.000000 -0.034899 0.000000
	0.000000 1.000000 0.000000 0.000000
	0.034899 0.000000 0.999391 0.000000
	-6262.000000 -1860.000000 -4354.000000 1.000000

	*dmm022_12	-150	-200	-150		150	200	150
	-node_tm
	0.999391 0.000000 -0.034899 0.000000
	0.000000 1.000000 0.000000 0.000000
	0.034899 0.000000 0.999391 0.000000
	-6019.000000 -1916.000000 -4323.000000 1.000000

	*dmm022_13	-150	-200	-150		150	200	150
	-node_tm
	0.999391 0.000000 -0.034899 0.000000
	0.000000 1.000000 0.000000 0.000000
	0.034899 0.000000 0.999391 0.000000
	-5662.000000 -1931.000000 -4333.000000 1.000000

	*dmm022_14	-150	-200	-150		150	200	150
	-node_tm
	0.999391 0.000000 -0.034899 0.000000
	0.000000 1.000000 0.000000 0.000000
	0.034899 0.000000 0.999391 0.000000
	-5362.000000 -1862.000000 -4322.000000 1.000000

	*dmm022_16	-150	-200	-150		150	200	150
	-node_tm
	0.999391 0.000000 -0.034899 0.000000
	0.000000 1.000000 0.000000 0.000000
	0.034899 0.000000 0.999391 0.000000
	-6272.000000 -1827.000000 -4054.000000 1.000000

	*dmm022_17	-150	-200	-150		150	200	150
	-node_tm
	0.999391 0.000000 -0.034899 0.000000
	0.000000 1.000000 0.000000 0.000000
	0.034899 0.000000 0.999391 0.000000
	-5972.000000 -1918.000000 -4043.000000 1.000000

	*dmm022_18	-150	-200	-150		150	200	150
	-node_tm
	0.999391 0.000000 -0.034899 0.000000
	0.000000 1.000000 0.000000 0.000000
	0.034899 0.000000 0.999391 0.000000
	-5684.000000 -1832.000000 -4008.000000 1.000000

	*dmm022_19	-150	-200	-150		150	200	150
	-node_tm
	0.999391 0.000000 -0.034899 0.000000
	0.000000 1.000000 0.000000 0.000000
	0.034899 0.000000 0.999391 0.000000
	-5373.000000 -1914.000000 -4022.000000 1.000000

	*dmm023_1	-150	-200	-150		150	200	150
	-node_tm
	0.994522 0.000000 -0.104528 0.000000
	0.000000 1.000000 0.000000 0.000000
	0.104528 0.000000 0.994522 0.000000
	1845.000000 -541.000000 8275.000000 1.000000

	*dmm023_2	-150	-200	-150		150	200	150
	-node_tm
	0.994522 0.000000 -0.104528 0.000000
	0.000000 1.000000 0.000000 0.000000
	0.104528 0.000000 0.994522 0.000000
	2143.000000 -555.000000 8241.000000 1.000000

	*dmm023_3	-150	-200	-150		150	200	150
	-node_tm
	0.994522 0.000000 -0.104528 0.000000
	0.000000 1.000000 0.000000 0.000000
	0.104528 0.000000 0.994522 0.000000
	2441.000000 -556.000000 8207.000000 1.000000

	*dmm023_4	-150	-200	-150		150	200	150
	-node_tm
	0.994522 0.000000 -0.104528 0.000000
	0.000000 1.000000 0.000000 0.000000
	0.104528 0.000000 0.994522 0.000000
	1299.000000 -483.000000 8853.000000 1.000000

	*dmm023_5	-150	-200	-150		150	200	150
	-node_tm
	0.994522 0.000000 -0.104528 0.000000
	0.000000 1.000000 0.000000 0.000000
	0.104528 0.000000 0.994522 0.000000
	1879.000000 -530.000000 8573.000000 1.000000

	*dmm023_6	-150	-200	-150		150	200	150
	-node_tm
	0.994522 0.000000 -0.104528 0.000000
	0.000000 1.000000 0.000000 0.000000
	0.104528 0.000000 0.994522 0.000000
	2177.000000 -522.000000 8539.000000 1.000000

	*dmm023_7	-150	-200	-150		150	200	150
	-node_tm
	0.994522 0.000000 -0.104528 0.000000
	0.000000 1.000000 0.000000 0.000000
	0.104528 0.000000 0.994522 0.000000
	2475.000000 -561.000000 8506.000000 1.000000

	*dmm023_8	-150	-200	-150		150	200	150
	-node_tm
	0.994522 0.000000 -0.104528 0.000000
	0.000000 1.000000 0.000000 0.000000
	0.104528 0.000000 0.994522 0.000000
	1614.000000 -521.000000 8905.000000 1.000000

	*dmm023_9	-150	-200	-150		150	200	150
	-node_tm
	0.994522 0.000000 -0.104528 0.000000
	0.000000 1.000000 0.000000 0.000000
	0.104528 0.000000 0.994522 0.000000
	1912.000000 -558.000000 8871.000000 1.000000

	*dmm023_10	-150	-200	-150		150	200	150
	-node_tm
	0.994522 0.000000 -0.104528 0.000000
	0.000000 1.000000 0.000000 0.000000
	0.104528 0.000000 0.994522 0.000000
	2210.000000 -554.000000 8837.000000 1.000000

	*dmm023_11	-150	-200	-150		150	200	150
	-node_tm
	0.994522 0.000000 -0.104528 0.000000
	0.000000 1.000000 0.000000 0.000000
	0.104528 0.000000 0.994522 0.000000
	2508.000000 -569.000000 8804.000000 1.000000

	*dmm023_12	-150	-200	-150		150	200	150
	-node_tm
	0.994522 0.000000 -0.104528 0.000000
	0.000000 1.000000 0.000000 0.000000
	0.104528 0.000000 0.994522 0.000000
	1648.000000 -505.000000 9203.000000 1.000000

	*dmm023_13	-150	-200	-150		150	200	150
	-node_tm
	0.994522 0.000000 -0.104528 0.000000
	0.000000 1.000000 0.000000 0.000000
	0.104528 0.000000 0.994522 0.000000
	1946.000000 -560.000000 9169.000000 1.000000

	*dmm023_14	-150	-200	-150		150	200	150
	-node_tm
	0.994522 0.000000 -0.104528 0.000000
	0.000000 1.000000 0.000000 0.000000
	0.104528 0.000000 0.994522 0.000000
	2143.000000 -480.000000 9751.000000 1.000000

