script_begin


[HelperObjectBegin]

	*dpgoto_accretia_hq	-50	-50	-70		50	50	70
	-node_tm
	0.694658 0.000000 -0.719340 0.000000
	0.000000 1.000000 0.000000 0.000000
	0.719340 0.000000 0.694658 0.000000
	3575.000000 -68.000000 -3555.000000 1.000000

	*dpgoto_bellato_HQ	-70	-150	-70		70	150	70
	-node_tm
	0.719340 0.000000 -0.694658 0.000000
	0.000000 1.000000 0.000000 0.000000
	0.694658 0.000000 0.719340 0.000000
	3449.000000 308.000000 3339.000000 1.000000

	*dpgoto_cora_HQ	-70	-150	-70		70	150	70
	-node_tm
	0.766044 0.000000 -0.642788 0.000000
	0.000000 1.000000 0.000000 0.000000
	0.642788 0.000000 0.766044 0.000000
	-3579.000000 21.000000 -3535.000000 1.000000

	*dpgoto_Cauldron01	-300	-150	-500		300	150	500
	-node_tm
	0.974370 0.000000 -0.224951 0.000000
	0.000000 1.000000 0.000000 0.000000
	0.224951 0.000000 0.974370 0.000000
	-4301.000000 54.000000 15.000000 1.000000

	*dpgoto_dungeon03	-200	-100	-200		200	100	200
	-node_tm
	1.000000 0.000000 -0.000000 0.000000
	0.000000 1.000000 0.000000 0.000000
	0.000000 0.000000 1.000000 0.000000
	-3756.000000 -45.000000 2713.000000 1.000000

	*dpgoto_Cora	-200	-100	-200		200	100	200
	-node_tm
	1.000000 0.000000 -0.000000 0.000000
	0.000000 1.000000 0.000000 0.000000
	0.000000 0.000000 1.000000 0.000000
	-2583.000000 -69.000000 3423.000000 1.000000

	*dpfrom_accretia_hq	-50	-50	-70		50	50	70
	-node_tm
	0.694658 0.000000 -0.719340 0.000000
	0.000000 1.000000 0.000000 0.000000
	0.719340 0.000000 0.694658 0.000000
	3568.000000 -82.000000 -3549.000000 1.000000

	*dpfrom_bellato_HQ	-70	-150	-70		70	150	70
	-node_tm
	0.719340 0.000000 -0.694658 0.000000
	0.000000 1.000000 0.000000 0.000000
	0.694658 0.000000 0.719340 0.000000
	3453.000000 311.000000 3335.000000 1.000000

	*dpfrom_cora_HQ	-70	-150	-70		70	150	70
	-node_tm
	0.766044 0.000000 -0.642788 0.000000
	0.000000 1.000000 0.000000 0.000000
	0.642788 0.000000 0.766044 0.000000
	-3524.000000 11.000000 -3462.000000 1.000000

	*dpfrom_Cauldron01	-100	-100	-100		100	100	100
	-node_tm
	1.000000 0.000000 -0.000000 0.000000
	0.000000 1.000000 0.000000 0.000000
	0.000000 0.000000 1.000000 0.000000
	-4301.000000 58.000000 -53.000000 1.000000

	*dpfrom_dungeon03	-50	-100	-50		50	100	50
	-node_tm
	1.000000 0.000000 -0.000000 0.000000
	0.000000 1.000000 0.000000 0.000000
	0.000000 0.000000 1.000000 0.000000
	-3842.000000 -72.000000 2718.000000 1.000000

	*dmm01_0	-100	-150	-100		100	150	100
	-node_tm
	1.000000 0.000000 -0.000000 0.000000
	0.000000 1.000000 0.000000 0.000000
	0.000000 0.000000 1.000000 0.000000
	-1299.000000 -81.000000 -3342.000000 1.000000

	*dmm01_1	-100	-150	-100		100	150	100
	-node_tm
	1.000000 0.000000 -0.000000 0.000000
	0.000000 1.000000 0.000000 0.000000
	0.000000 0.000000 1.000000 0.000000
	-1099.000000 -81.000000 -3343.000000 1.000000

	*dmm01_2	-100	-150	-100		100	150	100
	-node_tm
	1.000000 0.000000 -0.000000 0.000000
	0.000000 1.000000 0.000000 0.000000
	0.000000 0.000000 1.000000 0.000000
	-1299.000000 -81.000000 -3143.000000 1.000000

	*dmm01_3	-100	-150	-100		100	150	100
	-node_tm
	1.000000 0.000000 -0.000000 0.000000
	0.000000 1.000000 0.000000 0.000000
	0.000000 0.000000 1.000000 0.000000
	-1099.000000 -81.000000 -3143.000000 1.000000

	*dmm02_0	-100	-150	-100		100	150	100
	-node_tm
	1.000000 0.000000 -0.000000 0.000000
	0.000000 1.000000 0.000000 0.000000
	0.000000 0.000000 1.000000 0.000000
	-1183.000000 -74.000000 -2335.000000 1.000000

	*dmm02_1	-100	-150	-100		100	150	100
	-node_tm
	1.000000 0.000000 -0.000000 0.000000
	0.000000 1.000000 0.000000 0.000000
	0.000000 0.000000 1.000000 0.000000
	-983.000000 -74.000000 -2335.000000 1.000000

	*dmm02_2	-100	-150	-100		100	150	100
	-node_tm
	1.000000 0.000000 -0.000000 0.000000
	0.000000 1.000000 0.000000 0.000000
	0.000000 0.000000 1.000000 0.000000
	-1183.000000 -74.000000 -2135.000000 1.000000

	*dmm02_3	-100	-150	-100		100	150	100
	-node_tm
	1.000000 0.000000 -0.000000 0.000000
	0.000000 1.000000 0.000000 0.000000
	0.000000 0.000000 1.000000 0.000000
	-983.000000 -74.000000 -2135.000000 1.000000

	*dmm03_0	-100	-150	-100		100	150	100
	-node_tm
	1.000000 0.000000 -0.000000 0.000000
	0.000000 1.000000 0.000000 0.000000
	0.000000 0.000000 1.000000 0.000000
	-922.000000 -27.000000 -2830.000000 1.000000

	*dmm03_1	-100	-150	-100		100	150	100
	-node_tm
	1.000000 0.000000 -0.000000 0.000000
	0.000000 1.000000 0.000000 0.000000
	0.000000 0.000000 1.000000 0.000000
	-722.000000 -27.000000 -2830.000000 1.000000

	*dmm03_2	-100	-150	-100		100	150	100
	-node_tm
	1.000000 0.000000 -0.000000 0.000000
	0.000000 1.000000 0.000000 0.000000
	0.000000 0.000000 1.000000 0.000000
	-922.000000 -27.000000 -2630.000000 1.000000

	*dmm03_3	-100	-150	-100		100	150	100
	-node_tm
	1.000000 0.000000 -0.000000 0.000000
	0.000000 1.000000 0.000000 0.000000
	0.000000 0.000000 1.000000 0.000000
	-722.000000 -27.000000 -2630.000000 1.000000

	*dmm04_0	-100	-150	-100		100	150	100
	-node_tm
	0.945519 0.000000 -0.325568 0.000000
	0.000000 1.000000 0.000000 0.000000
	0.325568 0.000000 0.945519 0.000000
	-382.000000 123.000000 2148.000000 1.000000

	*dmm04_1	-100	-150	-100		100	150	100
	-node_tm
	0.945519 0.000000 -0.325568 0.000000
	0.000000 1.000000 0.000000 0.000000
	0.325568 0.000000 0.945519 0.000000
	-193.000000 123.000000 2212.000000 1.000000

	*dmm04_2	-100	-150	-100		100	150	100
	-node_tm
	0.945519 0.000000 -0.325568 0.000000
	0.000000 1.000000 0.000000 0.000000
	0.325568 0.000000 0.945519 0.000000
	-447.000000 133.000000 2337.000000 1.000000

	*dmm04_3	-100	-150	-100		100	150	100
	-node_tm
	0.945519 0.000000 -0.325568 0.000000
	0.000000 1.000000 0.000000 0.000000
	0.325568 0.000000 0.945519 0.000000
	-257.000000 123.000000 2402.000000 1.000000

	*dmm05_0	-100	-150	-100		100	150	100
	-node_tm
	0.945519 0.000000 -0.325568 0.000000
	0.000000 1.000000 0.000000 0.000000
	0.325568 0.000000 0.945519 0.000000
	-1005.000000 201.000000 2910.000000 1.000000

	*dmm05_1	-100	-150	-100		100	150	100
	-node_tm
	0.945519 0.000000 -0.325568 0.000000
	0.000000 1.000000 0.000000 0.000000
	0.325568 0.000000 0.945519 0.000000
	-815.000000 201.000000 2974.000000 1.000000

	*dmm05_2	-100	-150	-100		100	150	100
	-node_tm
	0.945519 0.000000 -0.325568 0.000000
	0.000000 1.000000 0.000000 0.000000
	0.325568 0.000000 0.945519 0.000000
	-1069.000000 201.000000 3099.000000 1.000000

	*dmm05_3	-100	-150	-100		100	150	100
	-node_tm
	0.945519 0.000000 -0.325568 0.000000
	0.000000 1.000000 0.000000 0.000000
	0.325568 0.000000 0.945519 0.000000
	-879.000000 201.000000 3163.000000 1.000000

	*dmm06_0	-100	-150	-100		100	150	100
	-node_tm
	0.945519 0.000000 -0.325568 0.000000
	0.000000 1.000000 0.000000 0.000000
	0.325568 0.000000 0.945519 0.000000
	384.000000 212.000000 3206.000000 1.000000

	*dmm06_1	-100	-150	-100		100	150	100
	-node_tm
	0.945519 0.000000 -0.325568 0.000000
	0.000000 1.000000 0.000000 0.000000
	0.325568 0.000000 0.945519 0.000000
	573.000000 212.000000 3270.000000 1.000000

	*dmm06_2	-100	-150	-100		100	150	100
	-node_tm
	0.945519 0.000000 -0.325568 0.000000
	0.000000 1.000000 0.000000 0.000000
	0.325568 0.000000 0.945519 0.000000
	320.000000 212.000000 3395.000000 1.000000

	*dmm06_3	-100	-150	-100		100	150	100
	-node_tm
	0.945519 0.000000 -0.325568 0.000000
	0.000000 1.000000 0.000000 0.000000
	0.325568 0.000000 0.945519 0.000000
	509.000000 212.000000 3459.000000 1.000000

	*dmm07_0	-100	-150	-100		100	150	100
	-node_tm
	0.945519 0.000000 -0.325568 0.000000
	0.000000 1.000000 0.000000 0.000000
	0.325568 0.000000 0.945519 0.000000
	3064.000000 -94.000000 -1642.000000 1.000000

	*dmm07_1	-100	-150	-100		100	150	100
	-node_tm
	0.945519 0.000000 -0.325568 0.000000
	0.000000 1.000000 0.000000 0.000000
	0.325568 0.000000 0.945519 0.000000
	3254.000000 -94.000000 -1578.000000 1.000000

	*dmm07_2	-100	-150	-100		100	150	100
	-node_tm
	0.945519 0.000000 -0.325568 0.000000
	0.000000 1.000000 0.000000 0.000000
	0.325568 0.000000 0.945519 0.000000
	3000.000000 -94.000000 -1452.000000 1.000000

	*dmm07_3	-100	-150	-100		100	150	100
	-node_tm
	0.945519 0.000000 -0.325568 0.000000
	0.000000 1.000000 0.000000 0.000000
	0.325568 0.000000 0.945519 0.000000
	3189.000000 -94.000000 -1388.000000 1.000000

	*dmm08_0	-100	-150	-100		100	150	100
	-node_tm
	0.945519 0.000000 -0.325568 0.000000
	0.000000 1.000000 0.000000 0.000000
	0.325568 0.000000 0.945519 0.000000
	2768.000000 -77.000000 -1251.000000 1.000000

	*dmm08_1	-100	-150	-100		100	150	100
	-node_tm
	0.945519 0.000000 -0.325568 0.000000
	0.000000 1.000000 0.000000 0.000000
	0.325568 0.000000 0.945519 0.000000
	2957.000000 -77.000000 -1187.000000 1.000000

	*dmm08_2	-100	-150	-100		100	150	100
	-node_tm
	0.945519 0.000000 -0.325568 0.000000
	0.000000 1.000000 0.000000 0.000000
	0.325568 0.000000 0.945519 0.000000
	2704.000000 -77.000000 -1062.000000 1.000000

	*dmm08_3	-100	-150	-100		100	150	100
	-node_tm
	0.945519 0.000000 -0.325568 0.000000
	0.000000 1.000000 0.000000 0.000000
	0.325568 0.000000 0.945519 0.000000
	2893.000000 -77.000000 -997.000000 1.000000

	*dmm09_0	-100	-150	-100		100	150	100
	-node_tm
	0.945519 0.000000 -0.325568 0.000000
	0.000000 1.000000 0.000000 0.000000
	0.325568 0.000000 0.945519 0.000000
	2171.000000 -108.000000 -1196.000000 1.000000

	*dmm09_1	-100	-150	-100		100	150	100
	-node_tm
	0.945519 0.000000 -0.325568 0.000000
	0.000000 1.000000 0.000000 0.000000
	0.325568 0.000000 0.945519 0.000000
	2361.000000 0.000000 -1132.000000 1.000000

	*dmm09_2	-100	-150	-100		100	150	100
	-node_tm
	0.945519 0.000000 -0.325568 0.000000
	0.000000 1.000000 0.000000 0.000000
	0.325568 0.000000 0.945519 0.000000
	2107.000000 -108.000000 -1006.000000 1.000000

	*dmm09_3	-100	-150	-100		100	150	100
	-node_tm
	0.945519 0.000000 -0.325568 0.000000
	0.000000 1.000000 0.000000 0.000000
	0.325568 0.000000 0.945519 0.000000
	2296.000000 -115.000000 -942.000000 1.000000

	*dmm10_0	-37	-100	-37		37	100	37
	-node_tm
	1.000000 0.000000 -0.000000 0.000000
	0.000000 1.000000 0.000000 0.000000
	0.000000 0.000000 1.000000 0.000000
	-48.000000 -36.000000 -66.000000 1.000000

	*dmm10_1	-37	-100	-37		37	100	37
	-node_tm
	1.000000 0.000000 -0.000000 0.000000
	0.000000 1.000000 0.000000 0.000000
	0.000000 0.000000 1.000000 0.000000
	26.000000 -36.000000 -66.000000 1.000000

	*dmm10_2	-37	-100	-37		37	100	37
	-node_tm
	1.000000 0.000000 -0.000000 0.000000
	0.000000 1.000000 0.000000 0.000000
	0.000000 0.000000 1.000000 0.000000
	101.000000 -36.000000 -66.000000 1.000000

	*dmm10_3	-37	-100	-37		37	100	37
	-node_tm
	1.000000 0.000000 -0.000000 0.000000
	0.000000 1.000000 0.000000 0.000000
	0.000000 0.000000 1.000000 0.000000
	176.000000 -36.000000 -66.000000 1.000000

	*dmm10_4	-37	-100	-37		37	100	37
	-node_tm
	1.000000 0.000000 -0.000000 0.000000
	0.000000 1.000000 0.000000 0.000000
	0.000000 0.000000 1.000000 0.000000
	-48.000000 -36.000000 8.000000 1.000000

	*dmm10_5	-37	-100	-37		37	100	37
	-node_tm
	1.000000 0.000000 -0.000000 0.000000
	0.000000 1.000000 0.000000 0.000000
	0.000000 0.000000 1.000000 0.000000
	26.000000 -36.000000 8.000000 1.000000

	*dmm10_6	-37	-100	-37		37	100	37
	-node_tm
	1.000000 0.000000 -0.000000 0.000000
	0.000000 1.000000 0.000000 0.000000
	0.000000 0.000000 1.000000 0.000000
	101.000000 -36.000000 8.000000 1.000000

	*dmm10_7	-37	-100	-37		37	100	37
	-node_tm
	1.000000 0.000000 -0.000000 0.000000
	0.000000 1.000000 0.000000 0.000000
	0.000000 0.000000 1.000000 0.000000
	176.000000 -36.000000 8.000000 1.000000

	*dmm10_8	-37	-100	-37		37	100	37
	-node_tm
	1.000000 0.000000 -0.000000 0.000000
	0.000000 1.000000 0.000000 0.000000
	0.000000 0.000000 1.000000 0.000000
	-48.000000 -36.000000 83.000000 1.000000

	*dmm10_9	-37	-100	-37		37	100	37
	-node_tm
	1.000000 0.000000 -0.000000 0.000000
	0.000000 1.000000 0.000000 0.000000
	0.000000 0.000000 1.000000 0.000000
	26.000000 -36.000000 83.000000 1.000000

	*dmm10_10	-37	-100	-37		37	100	37
	-node_tm
	1.000000 0.000000 -0.000000 0.000000
	0.000000 1.000000 0.000000 0.000000
	0.000000 0.000000 1.000000 0.000000
	101.000000 -36.000000 83.000000 1.000000

	*dmm10_11	-37	-100	-37		37	100	37
	-node_tm
	1.000000 0.000000 -0.000000 0.000000
	0.000000 1.000000 0.000000 0.000000
	0.000000 0.000000 1.000000 0.000000
	176.000000 -36.000000 83.000000 1.000000

	*dmm10_12	-37	-100	-37		37	100	37
	-node_tm
	1.000000 0.000000 -0.000000 0.000000
	0.000000 1.000000 0.000000 0.000000
	0.000000 0.000000 1.000000 0.000000
	-48.000000 -36.000000 158.000000 1.000000

	*dmm10_13	-37	-100	-37		37	100	37
	-node_tm
	1.000000 0.000000 -0.000000 0.000000
	0.000000 1.000000 0.000000 0.000000
	0.000000 0.000000 1.000000 0.000000
	26.000000 -36.000000 158.000000 1.000000

	*dmm10_14	-37	-100	-37		37	100	37
	-node_tm
	1.000000 0.000000 -0.000000 0.000000
	0.000000 1.000000 0.000000 0.000000
	0.000000 0.000000 1.000000 0.000000
	101.000000 -36.000000 158.000000 1.000000

	*dmm10_15	-37	-100	-37		37	100	37
	-node_tm
	1.000000 0.000000 -0.000000 0.000000
	0.000000 1.000000 0.000000 0.000000
	0.000000 0.000000 1.000000 0.000000
	176.000000 -36.000000 158.000000 1.000000

	*dmm12_0	-37	-100	-37		37	100	37
	-node_tm
	1.000000 0.000000 -0.000000 0.000000
	0.000000 1.000000 0.000000 0.000000
	0.000000 0.000000 1.000000 0.000000
	-3245.000000 -58.000000 2271.000000 1.000000

	*dmm12_1	-37	-100	-37		37	100	37
	-node_tm
	1.000000 0.000000 -0.000000 0.000000
	0.000000 1.000000 0.000000 0.000000
	0.000000 0.000000 1.000000 0.000000
	-3170.000000 -58.000000 2271.000000 1.000000

	*dmm12_2	-37	-100	-37		37	100	37
	-node_tm
	1.000000 0.000000 -0.000000 0.000000
	0.000000 1.000000 0.000000 0.000000
	0.000000 0.000000 1.000000 0.000000
	-3095.000000 -58.000000 2271.000000 1.000000

	*dmm12_3	-37	-100	-37		37	100	37
	-node_tm
	1.000000 0.000000 -0.000000 0.000000
	0.000000 1.000000 0.000000 0.000000
	0.000000 0.000000 1.000000 0.000000
	-3020.000000 -58.000000 2271.000000 1.000000

	*dmm12_4	-37	-100	-37		37	100	37
	-node_tm
	1.000000 0.000000 -0.000000 0.000000
	0.000000 1.000000 0.000000 0.000000
	0.000000 0.000000 1.000000 0.000000
	-3245.000000 -58.000000 2346.000000 1.000000

	*dmm12_5	-37	-100	-37		37	100	37
	-node_tm
	1.000000 0.000000 -0.000000 0.000000
	0.000000 1.000000 0.000000 0.000000
	0.000000 0.000000 1.000000 0.000000
	-3170.000000 -58.000000 2346.000000 1.000000

	*dmm12_6	-37	-100	-37		37	100	37
	-node_tm
	1.000000 0.000000 -0.000000 0.000000
	0.000000 1.000000 0.000000 0.000000
	0.000000 0.000000 1.000000 0.000000
	-3095.000000 -58.000000 2346.000000 1.000000

	*dmm12_7	-37	-100	-37		37	100	37
	-node_tm
	1.000000 0.000000 -0.000000 0.000000
	0.000000 1.000000 0.000000 0.000000
	0.000000 0.000000 1.000000 0.000000
	-3020.000000 -58.000000 2346.000000 1.000000

	*dmm12_8	-37	-100	-37		37	100	37
	-node_tm
	1.000000 0.000000 -0.000000 0.000000
	0.000000 1.000000 0.000000 0.000000
	0.000000 0.000000 1.000000 0.000000
	-3245.000000 -58.000000 2421.000000 1.000000

	*dmm12_9	-37	-100	-37		37	100	37
	-node_tm
	1.000000 0.000000 -0.000000 0.000000
	0.000000 1.000000 0.000000 0.000000
	0.000000 0.000000 1.000000 0.000000
	-3170.000000 -58.000000 2421.000000 1.000000

	*dmm12_10	-37	-100	-37		37	100	37
	-node_tm
	1.000000 0.000000 -0.000000 0.000000
	0.000000 1.000000 0.000000 0.000000
	0.000000 0.000000 1.000000 0.000000
	-3095.000000 -58.000000 2421.000000 1.000000

	*dmm12_11	-37	-100	-37		37	100	37
	-node_tm
	1.000000 0.000000 -0.000000 0.000000
	0.000000 1.000000 0.000000 0.000000
	0.000000 0.000000 1.000000 0.000000
	-3020.000000 -58.000000 2421.000000 1.000000

	*dmm12_12	-37	-100	-37		37	100	37
	-node_tm
	1.000000 0.000000 -0.000000 0.000000
	0.000000 1.000000 0.000000 0.000000
	0.000000 0.000000 1.000000 0.000000
	-3245.000000 -58.000000 2496.000000 1.000000

	*dmm12_13	-37	-100	-37		37	100	37
	-node_tm
	1.000000 0.000000 -0.000000 0.000000
	0.000000 1.000000 0.000000 0.000000
	0.000000 0.000000 1.000000 0.000000
	-3170.000000 -58.000000 2496.000000 1.000000

	*dmm12_14	-37	-100	-37		37	100	37
	-node_tm
	1.000000 0.000000 -0.000000 0.000000
	0.000000 1.000000 0.000000 0.000000
	0.000000 0.000000 1.000000 0.000000
	-3095.000000 -58.000000 2496.000000 1.000000

	*dmm12_15	-37	-100	-37		37	100	37
	-node_tm
	1.000000 0.000000 -0.000000 0.000000
	0.000000 1.000000 0.000000 0.000000
	0.000000 0.000000 1.000000 0.000000
	-3020.000000 -58.000000 2496.000000 1.000000

	*dmm13_0	-37	-100	-37		37	100	37
	-node_tm
	1.000000 0.000000 -0.000000 0.000000
	0.000000 1.000000 0.000000 0.000000
	0.000000 0.000000 1.000000 0.000000
	-2213.000000 -98.000000 2231.000000 1.000000

	*dmm13_1	-37	-100	-37		37	100	37
	-node_tm
	1.000000 0.000000 -0.000000 0.000000
	0.000000 1.000000 0.000000 0.000000
	0.000000 0.000000 1.000000 0.000000
	-2138.000000 -98.000000 2231.000000 1.000000

	*dmm13_2	-37	-100	-37		37	100	37
	-node_tm
	1.000000 0.000000 -0.000000 0.000000
	0.000000 1.000000 0.000000 0.000000
	0.000000 0.000000 1.000000 0.000000
	-2063.000000 -98.000000 2231.000000 1.000000

	*dmm13_3	-37	-100	-37		37	100	37
	-node_tm
	1.000000 0.000000 -0.000000 0.000000
	0.000000 1.000000 0.000000 0.000000
	0.000000 0.000000 1.000000 0.000000
	-1988.000000 -98.000000 2231.000000 1.000000

	*dmm13_4	-37	-100	-37		37	100	37
	-node_tm
	1.000000 0.000000 -0.000000 0.000000
	0.000000 1.000000 0.000000 0.000000
	0.000000 0.000000 1.000000 0.000000
	-2213.000000 -98.000000 2306.000000 1.000000

	*dmm13_5	-37	-100	-37		37	100	37
	-node_tm
	1.000000 0.000000 -0.000000 0.000000
	0.000000 1.000000 0.000000 0.000000
	0.000000 0.000000 1.000000 0.000000
	-2138.000000 -98.000000 2306.000000 1.000000

	*dmm13_6	-37	-100	-37		37	100	37
	-node_tm
	1.000000 0.000000 -0.000000 0.000000
	0.000000 1.000000 0.000000 0.000000
	0.000000 0.000000 1.000000 0.000000
	-2063.000000 -98.000000 2306.000000 1.000000

	*dmm13_7	-37	-100	-37		37	100	37
	-node_tm
	1.000000 0.000000 -0.000000 0.000000
	0.000000 1.000000 0.000000 0.000000
	0.000000 0.000000 1.000000 0.000000
	-1988.000000 -98.000000 2306.000000 1.000000

	*dmm13_8	-37	-100	-37		37	100	37
	-node_tm
	1.000000 0.000000 -0.000000 0.000000
	0.000000 1.000000 0.000000 0.000000
	0.000000 0.000000 1.000000 0.000000
	-2213.000000 -98.000000 2381.000000 1.000000

	*dmm13_9	-37	-100	-37		37	100	37
	-node_tm
	1.000000 0.000000 -0.000000 0.000000
	0.000000 1.000000 0.000000 0.000000
	0.000000 0.000000 1.000000 0.000000
	-2138.000000 -98.000000 2381.000000 1.000000

	*dmm13_10	-37	-100	-37		37	100	37
	-node_tm
	1.000000 0.000000 -0.000000 0.000000
	0.000000 1.000000 0.000000 0.000000
	0.000000 0.000000 1.000000 0.000000
	-2063.000000 -98.000000 2381.000000 1.000000

	*dmm13_11	-37	-100	-37		37	100	37
	-node_tm
	1.000000 0.000000 -0.000000 0.000000
	0.000000 1.000000 0.000000 0.000000
	0.000000 0.000000 1.000000 0.000000
	-1988.000000 -98.000000 2381.000000 1.000000

	*dmm13_12	-37	-100	-37		37	100	37
	-node_tm
	1.000000 0.000000 -0.000000 0.000000
	0.000000 1.000000 0.000000 0.000000
	0.000000 0.000000 1.000000 0.000000
	-2213.000000 -98.000000 2456.000000 1.000000

	*dmm13_13	-37	-100	-37		37	100	37
	-node_tm
	1.000000 0.000000 -0.000000 0.000000
	0.000000 1.000000 0.000000 0.000000
	0.000000 0.000000 1.000000 0.000000
	-2138.000000 -98.000000 2456.000000 1.000000

	*dmm13_14	-37	-100	-37		37	100	37
	-node_tm
	1.000000 0.000000 -0.000000 0.000000
	0.000000 1.000000 0.000000 0.000000
	0.000000 0.000000 1.000000 0.000000
	-2063.000000 -98.000000 2456.000000 1.000000

	*dmm13_15	-37	-100	-37		37	100	37
	-node_tm
	1.000000 0.000000 -0.000000 0.000000
	0.000000 1.000000 0.000000 0.000000
	0.000000 0.000000 1.000000 0.000000
	-1988.000000 -98.000000 2456.000000 1.000000

	*dmm14_0	-37	-100	-37		37	100	37
	-node_tm
	1.000000 0.000000 -0.000000 0.000000
	0.000000 1.000000 0.000000 0.000000
	0.000000 0.000000 1.000000 0.000000
	-1578.000000 -61.000000 2552.000000 1.000000

	*dmm14_1	-37	-100	-37		37	100	37
	-node_tm
	1.000000 0.000000 -0.000000 0.000000
	0.000000 1.000000 0.000000 0.000000
	0.000000 0.000000 1.000000 0.000000
	-1503.000000 -61.000000 2552.000000 1.000000

	*dmm14_2	-37	-100	-37		37	100	37
	-node_tm
	1.000000 0.000000 -0.000000 0.000000
	0.000000 1.000000 0.000000 0.000000
	0.000000 0.000000 1.000000 0.000000
	-1428.000000 -61.000000 2552.000000 1.000000

	*dmm14_3	-37	-100	-37		37	100	37
	-node_tm
	1.000000 0.000000 -0.000000 0.000000
	0.000000 1.000000 0.000000 0.000000
	0.000000 0.000000 1.000000 0.000000
	-1353.000000 -61.000000 2552.000000 1.000000

	*dmm14_4	-37	-100	-37		37	100	37
	-node_tm
	1.000000 0.000000 -0.000000 0.000000
	0.000000 1.000000 0.000000 0.000000
	0.000000 0.000000 1.000000 0.000000
	-1578.000000 -61.000000 2627.000000 1.000000

	*dmm14_5	-37	-100	-37		37	100	37
	-node_tm
	1.000000 0.000000 -0.000000 0.000000
	0.000000 1.000000 0.000000 0.000000
	0.000000 0.000000 1.000000 0.000000
	-1503.000000 -61.000000 2627.000000 1.000000

	*dmm14_6	-37	-100	-37		37	100	37
	-node_tm
	1.000000 0.000000 -0.000000 0.000000
	0.000000 1.000000 0.000000 0.000000
	0.000000 0.000000 1.000000 0.000000
	-1428.000000 -61.000000 2627.000000 1.000000

	*dmm14_7	-37	-100	-37		37	100	37
	-node_tm
	1.000000 0.000000 -0.000000 0.000000
	0.000000 1.000000 0.000000 0.000000
	0.000000 0.000000 1.000000 0.000000
	-1353.000000 -61.000000 2627.000000 1.000000

	*dmm14_8	-37	-100	-37		37	100	37
	-node_tm
	1.000000 0.000000 -0.000000 0.000000
	0.000000 1.000000 0.000000 0.000000
	0.000000 0.000000 1.000000 0.000000
	-1578.000000 -61.000000 2702.000000 1.000000

	*dmm14_9	-37	-100	-37		37	100	37
	-node_tm
	1.000000 0.000000 -0.000000 0.000000
	0.000000 1.000000 0.000000 0.000000
	0.000000 0.000000 1.000000 0.000000
	-1503.000000 -61.000000 2702.000000 1.000000

	*dmm14_10	-37	-100	-37		37	100	37
	-node_tm
	1.000000 0.000000 -0.000000 0.000000
	0.000000 1.000000 0.000000 0.000000
	0.000000 0.000000 1.000000 0.000000
	-1428.000000 -61.000000 2702.000000 1.000000

	*dmm14_11	-37	-100	-37		37	100	37
	-node_tm
	1.000000 0.000000 -0.000000 0.000000
	0.000000 1.000000 0.000000 0.000000
	0.000000 0.000000 1.000000 0.000000
	-1353.000000 -61.000000 2702.000000 1.000000

	*dmm14_12	-37	-100	-37		37	100	37
	-node_tm
	1.000000 0.000000 -0.000000 0.000000
	0.000000 1.000000 0.000000 0.000000
	0.000000 0.000000 1.000000 0.000000
	-1578.000000 -61.000000 2777.000000 1.000000

	*dmm14_13	-37	-100	-37		37	100	37
	-node_tm
	1.000000 0.000000 -0.000000 0.000000
	0.000000 1.000000 0.000000 0.000000
	0.000000 0.000000 1.000000 0.000000
	-1503.000000 -61.000000 2777.000000 1.000000

	*dmm14_14	-37	-100	-37		37	100	37
	-node_tm
	1.000000 0.000000 -0.000000 0.000000
	0.000000 1.000000 0.000000 0.000000
	0.000000 0.000000 1.000000 0.000000
	-1428.000000 -61.000000 2777.000000 1.000000

	*dmm14_15	-37	-100	-37		37	100	37
	-node_tm
	1.000000 0.000000 -0.000000 0.000000
	0.000000 1.000000 0.000000 0.000000
	0.000000 0.000000 1.000000 0.000000
	-1353.000000 -61.000000 2777.000000 1.000000

	*dmm15_0	-37	-100	-37		37	100	37
	-node_tm
	1.000000 0.000000 -0.000000 0.000000
	0.000000 1.000000 0.000000 0.000000
	0.000000 0.000000 1.000000 0.000000
	-3427.000000 71.000000 3170.000000 1.000000

	*dmm15_1	-37	-100	-37		37	100	37
	-node_tm
	1.000000 0.000000 -0.000000 0.000000
	0.000000 1.000000 0.000000 0.000000
	0.000000 0.000000 1.000000 0.000000
	-3412.000000 41.000000 3295.000000 1.000000

	*dmm15_2	-37	-100	-37		37	100	37
	-node_tm
	1.000000 0.000000 -0.000000 0.000000
	0.000000 1.000000 0.000000 0.000000
	0.000000 0.000000 1.000000 0.000000
	-3337.000000 41.000000 3295.000000 1.000000

	*dmm15_3	-37	-100	-37		37	100	37
	-node_tm
	1.000000 0.000000 -0.000000 0.000000
	0.000000 1.000000 0.000000 0.000000
	0.000000 0.000000 1.000000 0.000000
	-3262.000000 41.000000 3295.000000 1.000000

	*dmm15_4	-37	-100	-37		37	100	37
	-node_tm
	1.000000 0.000000 -0.000000 0.000000
	0.000000 1.000000 0.000000 0.000000
	0.000000 0.000000 1.000000 0.000000
	-3702.000000 21.000000 3382.000000 1.000000

	*dmm15_5	-37	-100	-37		37	100	37
	-node_tm
	1.000000 0.000000 -0.000000 0.000000
	0.000000 1.000000 0.000000 0.000000
	0.000000 0.000000 1.000000 0.000000
	-3751.000000 41.000000 3169.000000 1.000000

	*dmm15_6	-37	-100	-37		37	100	37
	-node_tm
	1.000000 0.000000 -0.000000 0.000000
	0.000000 1.000000 0.000000 0.000000
	0.000000 0.000000 1.000000 0.000000
	-3337.000000 41.000000 3370.000000 1.000000

	*dmm15_7	-37	-100	-37		37	100	37
	-node_tm
	1.000000 0.000000 -0.000000 0.000000
	0.000000 1.000000 0.000000 0.000000
	0.000000 0.000000 1.000000 0.000000
	-3262.000000 41.000000 3370.000000 1.000000

	*dmm15_8	-37	-100	-37		37	100	37
	-node_tm
	1.000000 0.000000 -0.000000 0.000000
	0.000000 1.000000 0.000000 0.000000
	0.000000 0.000000 1.000000 0.000000
	-3550.000000 41.000000 3415.000000 1.000000

	*dmm15_9	-37	-100	-37		37	100	37
	-node_tm
	1.000000 0.000000 -0.000000 0.000000
	0.000000 1.000000 0.000000 0.000000
	0.000000 0.000000 1.000000 0.000000
	-3412.000000 41.000000 3445.000000 1.000000

	*dmm15_10	-37	-100	-37		37	100	37
	-node_tm
	1.000000 0.000000 -0.000000 0.000000
	0.000000 1.000000 0.000000 0.000000
	0.000000 0.000000 1.000000 0.000000
	-3337.000000 41.000000 3445.000000 1.000000

	*dmm15_11	-37	-100	-37		37	100	37
	-node_tm
	1.000000 0.000000 -0.000000 0.000000
	0.000000 1.000000 0.000000 0.000000
	0.000000 0.000000 1.000000 0.000000
	-3262.000000 41.000000 3445.000000 1.000000

	*dmm15_12	-37	-100	-37		37	100	37
	-node_tm
	1.000000 0.000000 -0.000000 0.000000
	0.000000 1.000000 0.000000 0.000000
	0.000000 0.000000 1.000000 0.000000
	-3566.000000 41.000000 3503.000000 1.000000

	*dmm15_13	-37	-100	-37		37	100	37
	-node_tm
	1.000000 0.000000 -0.000000 0.000000
	0.000000 1.000000 0.000000 0.000000
	0.000000 0.000000 1.000000 0.000000
	-3412.000000 41.000000 3520.000000 1.000000

	*dmm15_14	-37	-100	-37		37	100	37
	-node_tm
	1.000000 0.000000 -0.000000 0.000000
	0.000000 1.000000 0.000000 0.000000
	0.000000 0.000000 1.000000 0.000000
	-3337.000000 41.000000 3520.000000 1.000000

	*dmm15_15	-37	-100	-37		37	100	37
	-node_tm
	1.000000 0.000000 -0.000000 0.000000
	0.000000 1.000000 0.000000 0.000000
	0.000000 0.000000 1.000000 0.000000
	-3262.000000 41.000000 3520.000000 1.000000

	*dmm16_0	-37	-100	-37		37	100	37
	-node_tm
	1.000000 0.000000 -0.000000 0.000000
	0.000000 1.000000 0.000000 0.000000
	0.000000 0.000000 1.000000 0.000000
	-3897.000000 35.000000 3653.000000 1.000000

	*dmm16_1	-37	-100	-37		37	100	37
	-node_tm
	1.000000 0.000000 -0.000000 0.000000
	0.000000 1.000000 0.000000 0.000000
	0.000000 0.000000 1.000000 0.000000
	-3815.000000 35.000000 3654.000000 1.000000

	*dmm16_2	-37	-100	-37		37	100	37
	-node_tm
	1.000000 0.000000 -0.000000 0.000000
	0.000000 1.000000 0.000000 0.000000
	0.000000 0.000000 1.000000 0.000000
	-3717.000000 35.000000 3655.000000 1.000000

	*dmm16_3	-37	-100	-37		37	100	37
	-node_tm
	1.000000 0.000000 -0.000000 0.000000
	0.000000 1.000000 0.000000 0.000000
	0.000000 0.000000 1.000000 0.000000
	-3821.000000 42.000000 3553.000000 1.000000

	*dmm16_4	-37	-100	-37		37	100	37
	-node_tm
	1.000000 0.000000 -0.000000 0.000000
	0.000000 1.000000 0.000000 0.000000
	0.000000 0.000000 1.000000 0.000000
	-3893.000000 35.000000 3739.000000 1.000000

	*dmm16_5	-37	-100	-37		37	100	37
	-node_tm
	1.000000 0.000000 -0.000000 0.000000
	0.000000 1.000000 0.000000 0.000000
	0.000000 0.000000 1.000000 0.000000
	-3818.000000 35.000000 3739.000000 1.000000

	*dmm16_6	-37	-100	-37		37	100	37
	-node_tm
	1.000000 0.000000 -0.000000 0.000000
	0.000000 1.000000 0.000000 0.000000
	0.000000 0.000000 1.000000 0.000000
	-3743.000000 35.000000 3739.000000 1.000000

	*dmm16_7	-37	-100	-37		37	100	37
	-node_tm
	1.000000 0.000000 -0.000000 0.000000
	0.000000 1.000000 0.000000 0.000000
	0.000000 0.000000 1.000000 0.000000
	-3702.000000 35.000000 3543.000000 1.000000

	*dmm16_8	-37	-100	-37		37	100	37
	-node_tm
	1.000000 0.000000 -0.000000 0.000000
	0.000000 1.000000 0.000000 0.000000
	0.000000 0.000000 1.000000 0.000000
	-3890.000000 35.000000 3810.000000 1.000000

	*dmm16_9	-37	-100	-37		37	100	37
	-node_tm
	1.000000 0.000000 -0.000000 0.000000
	0.000000 1.000000 0.000000 0.000000
	0.000000 0.000000 1.000000 0.000000
	-3810.000000 35.000000 3810.000000 1.000000

	*dmm16_10	-37	-100	-37		37	100	37
	-node_tm
	1.000000 0.000000 -0.000000 0.000000
	0.000000 1.000000 0.000000 0.000000
	0.000000 0.000000 1.000000 0.000000
	-3721.000000 35.000000 3823.000000 1.000000

	*dmm16_11	-37	-100	-37		37	100	37
	-node_tm
	1.000000 0.000000 -0.000000 0.000000
	0.000000 1.000000 0.000000 0.000000
	0.000000 0.000000 1.000000 0.000000
	-3451.000000 -30.000000 3856.000000 1.000000

	*dmm16_12	-37	-100	-37		37	100	37
	-node_tm
	1.000000 0.000000 -0.000000 0.000000
	0.000000 1.000000 0.000000 0.000000
	0.000000 0.000000 1.000000 0.000000
	-3869.000000 35.000000 3892.000000 1.000000

	*dmm16_13	-37	-100	-37		37	100	37
	-node_tm
	1.000000 0.000000 -0.000000 0.000000
	0.000000 1.000000 0.000000 0.000000
	0.000000 0.000000 1.000000 0.000000
	-3788.000000 35.000000 3891.000000 1.000000

	*dmm16_14	-37	-100	-37		37	100	37
	-node_tm
	1.000000 0.000000 -0.000000 0.000000
	0.000000 1.000000 0.000000 0.000000
	0.000000 0.000000 1.000000 0.000000
	-3681.000000 23.000000 3906.000000 1.000000

	*dmm16_15	-37	-100	-37		37	100	37
	-node_tm
	1.000000 0.000000 -0.000000 0.000000
	0.000000 1.000000 0.000000 0.000000
	0.000000 0.000000 1.000000 0.000000
	-3557.000000 -8.000000 3893.000000 1.000000

	*dmm17_0	-100	-150	-50		100	150	50
	-node_tm
	0.999391 0.000000 -0.034899 0.000000
	0.000000 1.000000 0.000000 0.000000
	0.034899 0.000000 0.999391 0.000000
	-3147.000000 -1.000000 2770.000000 1.000000

	*dmm17_1	-100	-150	-50		100	150	50
	-node_tm
	0.999391 0.000000 -0.034899 0.000000
	0.000000 1.000000 0.000000 0.000000
	0.034899 0.000000 0.999391 0.000000
	-2948.000000 -1.000000 2763.000000 1.000000

	*dmm17_2	-100	-150	-50		100	150	50
	-node_tm
	0.999391 0.000000 -0.034899 0.000000
	0.000000 1.000000 0.000000 0.000000
	0.034899 0.000000 0.999391 0.000000
	-2748.000000 -1.000000 2755.000000 1.000000

	*dmm17_3	-100	-150	-50		100	150	50
	-node_tm
	0.999391 0.000000 -0.034899 0.000000
	0.000000 1.000000 0.000000 0.000000
	0.034899 0.000000 0.999391 0.000000
	-2548.000000 -1.000000 2747.000000 1.000000

	*dmm17_4	-100	-150	-50		100	150	50
	-node_tm
	0.999391 0.000000 -0.034899 0.000000
	0.000000 1.000000 0.000000 0.000000
	0.034899 0.000000 0.999391 0.000000
	-3144.000000 -1.000000 2870.000000 1.000000

	*dmm17_5	-100	-150	-50		100	150	50
	-node_tm
	0.999391 0.000000 -0.034899 0.000000
	0.000000 1.000000 0.000000 0.000000
	0.034899 0.000000 0.999391 0.000000
	-2944.000000 -1.000000 2863.000000 1.000000

	*dmm17_6	-100	-150	-50		100	150	50
	-node_tm
	0.999391 0.000000 -0.034899 0.000000
	0.000000 1.000000 0.000000 0.000000
	0.034899 0.000000 0.999391 0.000000
	-2744.000000 -1.000000 2855.000000 1.000000

	*dmm17_7	-100	-150	-50		100	150	50
	-node_tm
	0.999391 0.000000 -0.034899 0.000000
	0.000000 1.000000 0.000000 0.000000
	0.034899 0.000000 0.999391 0.000000
	-2544.000000 -1.000000 2847.000000 1.000000

	*dmm17_8	-100	-150	-50		100	150	50
	-node_tm
	0.999391 0.000000 -0.034899 0.000000
	0.000000 1.000000 0.000000 0.000000
	0.034899 0.000000 0.999391 0.000000
	-3140.000000 -1.000000 2970.000000 1.000000

	*dmm17_9	-100	-150	-50		100	150	50
	-node_tm
	0.999391 0.000000 -0.034899 0.000000
	0.000000 1.000000 0.000000 0.000000
	0.034899 0.000000 0.999391 0.000000
	-2940.000000 -1.000000 2962.000000 1.000000

	*dmm17_10	-100	-150	-50		100	150	50
	-node_tm
	0.999391 0.000000 -0.034899 0.000000
	0.000000 1.000000 0.000000 0.000000
	0.034899 0.000000 0.999391 0.000000
	-2740.000000 -1.000000 2955.000000 1.000000

	*dmm17_11	-100	-150	-50		100	150	50
	-node_tm
	0.999391 0.000000 -0.034899 0.000000
	0.000000 1.000000 0.000000 0.000000
	0.034899 0.000000 0.999391 0.000000
	-2540.000000 -1.000000 2947.000000 1.000000

	*dmm18_0	-100	-150	-100		100	150	100
	-node_tm
	1.000000 0.000000 -0.000000 0.000000
	0.000000 1.000000 0.000000 0.000000
	0.000000 0.000000 1.000000 0.000000
	3492.000000 318.000000 2687.000000 1.000000

	*dmm18_1	-100	-150	-100		100	150	100
	-node_tm
	1.000000 0.000000 -0.000000 0.000000
	0.000000 1.000000 0.000000 0.000000
	0.000000 0.000000 1.000000 0.000000
	3692.000000 318.000000 2687.000000 1.000000

	*dmm18_2	-100	-150	-100		100	150	100
	-node_tm
	1.000000 0.000000 -0.000000 0.000000
	0.000000 1.000000 0.000000 0.000000
	0.000000 0.000000 1.000000 0.000000
	3492.000000 318.000000 2887.000000 1.000000

	*dmm18_3	-100	-150	-100		100	150	100
	-node_tm
	1.000000 0.000000 -0.000000 0.000000
	0.000000 1.000000 0.000000 0.000000
	0.000000 0.000000 1.000000 0.000000
	3692.000000 318.000000 2887.000000 1.000000

	*dmm19_0	-100	-150	-100		100	150	100
	-node_tm
	1.000000 0.000000 -0.000000 0.000000
	0.000000 1.000000 0.000000 0.000000
	0.000000 0.000000 1.000000 0.000000
	3048.000000 335.000000 2710.000000 1.000000

	*dmm19_1	-100	-150	-100		100	150	100
	-node_tm
	1.000000 0.000000 -0.000000 0.000000
	0.000000 1.000000 0.000000 0.000000
	0.000000 0.000000 1.000000 0.000000
	3248.000000 335.000000 2710.000000 1.000000

	*dmm19_2	-100	-150	-100		100	150	100
	-node_tm
	1.000000 0.000000 -0.000000 0.000000
	0.000000 1.000000 0.000000 0.000000
	0.000000 0.000000 1.000000 0.000000
	3048.000000 335.000000 2910.000000 1.000000

	*dmm19_3	-100	-150	-100		100	150	100
	-node_tm
	1.000000 0.000000 -0.000000 0.000000
	0.000000 1.000000 0.000000 0.000000
	0.000000 0.000000 1.000000 0.000000
	3248.000000 335.000000 2910.000000 1.000000

	*dmm20_0	-100	-150	-100		100	150	100
	-node_tm
	1.000000 0.000000 -0.000000 0.000000
	0.000000 1.000000 0.000000 0.000000
	0.000000 0.000000 1.000000 0.000000
	2843.000000 373.000000 3262.000000 1.000000

	*dmm20_1	-100	-150	-100		100	150	100
	-node_tm
	1.000000 0.000000 -0.000000 0.000000
	0.000000 1.000000 0.000000 0.000000
	0.000000 0.000000 1.000000 0.000000
	3043.000000 373.000000 3262.000000 1.000000

	*dmm20_2	-100	-150	-100		100	150	100
	-node_tm
	1.000000 0.000000 -0.000000 0.000000
	0.000000 1.000000 0.000000 0.000000
	0.000000 0.000000 1.000000 0.000000
	2843.000000 373.000000 3462.000000 1.000000

	*dmm20_3	-100	-150	-100		100	150	100
	-node_tm
	1.000000 0.000000 -0.000000 0.000000
	0.000000 1.000000 0.000000 0.000000
	0.000000 0.000000 1.000000 0.000000
	3043.000000 373.000000 3462.000000 1.000000

	*dmm21_0	-100	-150	-100		100	150	100
	-node_tm
	1.000000 0.000000 -0.000000 0.000000
	0.000000 1.000000 0.000000 0.000000
	0.000000 0.000000 1.000000 0.000000
	3536.000000 -90.000000 -3168.000000 1.000000

	*dmm21_1	-100	-150	-100		100	150	100
	-node_tm
	1.000000 0.000000 -0.000000 0.000000
	0.000000 1.000000 0.000000 0.000000
	0.000000 0.000000 1.000000 0.000000
	3736.000000 -90.000000 -3168.000000 1.000000

	*dmm21_2	-100	-150	-100		100	150	100
	-node_tm
	1.000000 0.000000 -0.000000 0.000000
	0.000000 1.000000 0.000000 0.000000
	0.000000 0.000000 1.000000 0.000000
	3536.000000 -90.000000 -2968.000000 1.000000

	*dmm21_3	-100	-150	-100		100	150	100
	-node_tm
	1.000000 0.000000 -0.000000 0.000000
	0.000000 1.000000 0.000000 0.000000
	0.000000 0.000000 1.000000 0.000000
	3736.000000 -90.000000 -2968.000000 1.000000

	*dmm22_0	-100	-150	-100		100	150	100
	-node_tm
	1.000000 0.000000 -0.000000 0.000000
	0.000000 1.000000 0.000000 0.000000
	0.000000 0.000000 1.000000 0.000000
	3027.000000 -55.000000 -3077.000000 1.000000

	*dmm22_1	-100	-150	-100		100	150	100
	-node_tm
	1.000000 0.000000 -0.000000 0.000000
	0.000000 1.000000 0.000000 0.000000
	0.000000 0.000000 1.000000 0.000000
	3227.000000 -55.000000 -3077.000000 1.000000

	*dmm22_2	-100	-150	-100		100	150	100
	-node_tm
	1.000000 0.000000 -0.000000 0.000000
	0.000000 1.000000 0.000000 0.000000
	0.000000 0.000000 1.000000 0.000000
	3027.000000 -55.000000 -2877.000000 1.000000

	*dmm22_3	-100	-150	-100		100	150	100
	-node_tm
	1.000000 0.000000 -0.000000 0.000000
	0.000000 1.000000 0.000000 0.000000
	0.000000 0.000000 1.000000 0.000000
	3227.000000 -55.000000 -2877.000000 1.000000

	*dmm23_0	-100	-150	-100		100	150	100
	-node_tm
	1.000000 0.000000 -0.000000 0.000000
	0.000000 1.000000 0.000000 0.000000
	0.000000 0.000000 1.000000 0.000000
	3037.000000 -87.000000 -3604.000000 1.000000

	*dmm23_1	-100	-150	-100		100	150	100
	-node_tm
	1.000000 0.000000 -0.000000 0.000000
	0.000000 1.000000 0.000000 0.000000
	0.000000 0.000000 1.000000 0.000000
	3237.000000 -87.000000 -3604.000000 1.000000

	*dmm23_2	-100	-150	-100		100	150	100
	-node_tm
	1.000000 0.000000 -0.000000 0.000000
	0.000000 1.000000 0.000000 0.000000
	0.000000 0.000000 1.000000 0.000000
	3037.000000 -87.000000 -3404.000000 1.000000

	*dmm23_3	-100	-150	-100		100	150	100
	-node_tm
	1.000000 0.000000 -0.000000 0.000000
	0.000000 1.000000 0.000000 0.000000
	0.000000 0.000000 1.000000 0.000000
	3237.000000 -87.000000 -3404.000000 1.000000

	*dmm24_0	-100	-150	-100		100	150	100
	-node_tm
	1.000000 0.000000 -0.000000 0.000000
	0.000000 1.000000 0.000000 0.000000
	0.000000 0.000000 1.000000 0.000000
	-3138.000000 -47.000000 -3712.000000 1.000000

	*dmm24_1	-100	-150	-100		100	150	100
	-node_tm
	1.000000 0.000000 -0.000000 0.000000
	0.000000 1.000000 0.000000 0.000000
	0.000000 0.000000 1.000000 0.000000
	-2938.000000 -47.000000 -3712.000000 1.000000

	*dmm24_2	-100	-150	-100		100	150	100
	-node_tm
	1.000000 0.000000 -0.000000 0.000000
	0.000000 1.000000 0.000000 0.000000
	0.000000 0.000000 1.000000 0.000000
	-3138.000000 -47.000000 -3512.000000 1.000000

	*dmm24_3	-100	-150	-100		100	150	100
	-node_tm
	1.000000 0.000000 -0.000000 0.000000
	0.000000 1.000000 0.000000 0.000000
	0.000000 0.000000 1.000000 0.000000
	-2938.000000 -47.000000 -3512.000000 1.000000

	*dmm25_0	-100	-150	-100		100	150	100
	-node_tm
	1.000000 0.000000 -0.000000 0.000000
	0.000000 1.000000 0.000000 0.000000
	0.000000 0.000000 1.000000 0.000000
	-3399.000000 -91.000000 -3256.000000 1.000000

	*dmm25_1	-100	-150	-100		100	150	100
	-node_tm
	1.000000 0.000000 -0.000000 0.000000
	0.000000 1.000000 0.000000 0.000000
	0.000000 0.000000 1.000000 0.000000
	-3199.000000 -91.000000 -3256.000000 1.000000

	*dmm25_2	-100	-150	-100		100	150	100
	-node_tm
	1.000000 0.000000 -0.000000 0.000000
	0.000000 1.000000 0.000000 0.000000
	0.000000 0.000000 1.000000 0.000000
	-2999.000000 -91.000000 -3256.000000 1.000000

	*dmm25_3	-100	-150	-100		100	150	100
	-node_tm
	1.000000 0.000000 -0.000000 0.000000
	0.000000 1.000000 0.000000 0.000000
	0.000000 0.000000 1.000000 0.000000
	-2799.000000 -91.000000 -3256.000000 1.000000

	*dmm25_4	-100	-150	-100		100	150	100
	-node_tm
	1.000000 0.000000 -0.000000 0.000000
	0.000000 1.000000 0.000000 0.000000
	0.000000 0.000000 1.000000 0.000000
	-3399.000000 -91.000000 -3056.000000 1.000000

	*dmm25_5	-100	-150	-100		100	150	100
	-node_tm
	1.000000 0.000000 -0.000000 0.000000
	0.000000 1.000000 0.000000 0.000000
	0.000000 0.000000 1.000000 0.000000
	-3199.000000 -91.000000 -3056.000000 1.000000

	*dmm25_6	-100	-150	-100		100	150	100
	-node_tm
	1.000000 0.000000 -0.000000 0.000000
	0.000000 1.000000 0.000000 0.000000
	0.000000 0.000000 1.000000 0.000000
	-2999.000000 -91.000000 -3056.000000 1.000000

	*dmm25_7	-100	-150	-100		100	150	100
	-node_tm
	1.000000 0.000000 -0.000000 0.000000
	0.000000 1.000000 0.000000 0.000000
	0.000000 0.000000 1.000000 0.000000
	-2799.000000 -91.000000 -3056.000000 1.000000

	*dmm26_0	-25	-60	-25		25	60	25
	-node_tm
	1.000000 0.000000 -0.000000 0.000000
	0.000000 1.000000 0.000000 0.000000
	0.000000 0.000000 1.000000 0.000000
	-2872.000000 -12.000000 3904.000000 1.000000

	*dmm26_1	-25	-60	-25		25	60	25
	-node_tm
	1.000000 0.000000 -0.000000 0.000000
	0.000000 1.000000 0.000000 0.000000
	0.000000 0.000000 1.000000 0.000000
	-2822.000000 -12.000000 3904.000000 1.000000

	*dmm26_2	-25	-60	-25		25	60	25
	-node_tm
	1.000000 0.000000 -0.000000 0.000000
	0.000000 1.000000 0.000000 0.000000
	0.000000 0.000000 1.000000 0.000000
	-2772.000000 -12.000000 3904.000000 1.000000

	*dmm26_3	-25	-60	-25		25	60	25
	-node_tm
	1.000000 0.000000 -0.000000 0.000000
	0.000000 1.000000 0.000000 0.000000
	0.000000 0.000000 1.000000 0.000000
	-2722.000000 -12.000000 3904.000000 1.000000

	*dmm26_4	-25	-60	-25		25	60	25
	-node_tm
