script_begin


[HelperObjectBegin]

	*dpgoto_medicallab	-30	-30	-30		30	30	30
	-node_tm
	1.000000 0.000000 -0.000000 0.000000
	0.000000 1.000000 0.000000 0.000000
	0.000000 0.000000 1.000000 0.000000
	1041.000000 1.000000 689.000000 1.000000

	*dpfrom_medicallab	-30	-30	-30		30	30	30
	-node_tm
	1.000000 0.000000 -0.000000 0.000000
	0.000000 1.000000 0.000000 0.000000
	0.000000 0.000000 1.000000 0.000000
	1043.000000 1.000000 690.000000 1.000000

	*dmm111_0	-15	-30	-15		15	30	15
	-node_tm
	0.017452 0.000000 0.999848 0.000000
	0.000000 1.000000 0.000000 0.000000
	-0.999848 0.000000 0.017452 0.000000
	987.000000 11.000000 91.000000 1.000000

	*dmm39_0	-15	-30	-15		15	30	15
	-node_tm
	0.017452 0.000000 0.999848 0.000000
	0.000000 1.000000 0.000000 0.000000
	-0.999848 0.000000 0.017452 0.000000
	1050.000000 3.000000 29.000000 1.000000

	*dmm39_1	-15	-30	-15		15	30	15
	-node_tm
	0.017452 0.000000 0.999848 0.000000
	0.000000 1.000000 0.000000 0.000000
	-0.999848 0.000000 0.017452 0.000000
	1047.000000 3.000000 122.000000 1.000000

	*dmm39_2	-15	-30	-15		15	30	15
	-node_tm
	0.017452 0.000000 0.999848 0.000000
	0.000000 1.000000 0.000000 0.000000
	-0.999848 0.000000 0.017452 0.000000
	945.000000 3.000000 49.000000 1.000000

	*dmm39_3	-15	-30	-15		15	30	15
	-node_tm
	0.017452 0.000000 0.999848 0.000000
	0.000000 1.000000 0.000000 0.000000
	-0.999848 0.000000 0.017452 0.000000
	943.000000 3.000000 134.000000 1.000000

	*dmm37_0	-15	-30	-15		15	30	15
	-node_tm
	0.017452 0.000000 0.999848 0.000000
	0.000000 1.000000 0.000000 0.000000
	-0.999848 0.000000 0.017452 0.000000
	283.000000 24.000000 43.000000 1.000000

	*dmm37_1	-15	-30	-15		15	30	15
	-node_tm
	0.017452 0.000000 0.999848 0.000000
	0.000000 1.000000 0.000000 0.000000
	-0.999848 0.000000 0.017452 0.000000
	366.000000 17.000000 112.000000 1.000000

	*dmm37_2	-15	-30	-15		15	30	15
	-node_tm
	0.017452 0.000000 0.999848 0.000000
	0.000000 1.000000 0.000000 0.000000
	-0.999848 0.000000 0.017452 0.000000
	212.000000 24.000000 133.000000 1.000000

	*dmm37_3	-15	-30	-15		15	30	15
	-node_tm
	0.017452 0.000000 0.999848 0.000000
	0.000000 1.000000 0.000000 0.000000
	-0.999848 0.000000 0.017452 0.000000
	282.000000 23.000000 207.000000 1.000000

	*dmm113_0	-15	-30	-15		15	30	15
	-node_tm
	0.017452 0.000000 0.999848 0.000000
	0.000000 1.000000 0.000000 0.000000
	-0.999848 0.000000 0.017452 0.000000
	41.000000 19.000000 352.000000 1.000000

	*dmm38_0	-15	-30	-15		15	30	15
	-node_tm
	0.017452 0.000000 0.999848 0.000000
	0.000000 1.000000 0.000000 0.000000
	-0.999848 0.000000 0.017452 0.000000
	74.000000 3.000000 279.000000 1.000000

	*dmm38_1	-15	-30	-15		15	30	15
	-node_tm
	0.017452 0.000000 0.999848 0.000000
	0.000000 1.000000 0.000000 0.000000
	-0.999848 0.000000 0.017452 0.000000
	75.000000 3.000000 420.000000 1.000000

	*dmm41_0	-15	-30	-15		15	30	15
	-node_tm
	0.017452 0.000000 0.999848 0.000000
	0.000000 1.000000 0.000000 0.000000
	-0.999848 0.000000 0.017452 0.000000
	134.000000 -3.000000 1459.000000 1.000000

	*dmm41_1	-15	-30	-15		15	30	15
	-node_tm
	0.017452 0.000000 0.999848 0.000000
	0.000000 1.000000 0.000000 0.000000
	-0.999848 0.000000 0.017452 0.000000
	130.000000 -3.000000 1546.000000 1.000000

	*dmm41_2	-15	-30	-15		15	30	15
	-node_tm
	0.017452 0.000000 0.999848 0.000000
	0.000000 1.000000 0.000000 0.000000
	-0.999848 0.000000 0.017452 0.000000
	76.000000 -9.000000 1492.000000 1.000000

	*dmm41_3	-15	-30	-15		15	30	15
	-node_tm
	0.017452 0.000000 0.999848 0.000000
	0.000000 1.000000 0.000000 0.000000
	-0.999848 0.000000 0.017452 0.000000
	42.000000 -3.000000 1564.000000 1.000000

	*dmm42_0	-15	-30	-15		15	30	15
	-node_tm
	0.017452 0.000000 0.999848 0.000000
	0.000000 1.000000 0.000000 0.000000
	-0.999848 0.000000 0.017452 0.000000
	-79.000000 14.000000 1488.000000 1.000000

	*dmm42_1	-15	-30	-15		15	30	15
	-node_tm
	0.017452 0.000000 0.999848 0.000000
	0.000000 1.000000 0.000000 0.000000
	-0.999848 0.000000 0.017452 0.000000
	-28.000000 14.000000 1544.000000 1.000000

	*dmm42_2	-15	-30	-15		15	30	15
	-node_tm
	0.017452 0.000000 0.999848 0.000000
	0.000000 1.000000 0.000000 0.000000
	-0.999848 0.000000 0.017452 0.000000
	-179.000000 14.000000 1467.000000 1.000000

	*dmm42_3	-15	-30	-15		15	30	15
	-node_tm
	0.017452 0.000000 0.999848 0.000000
	0.000000 1.000000 0.000000 0.000000
	-0.999848 0.000000 0.017452 0.000000
	-148.000000 14.000000 1548.000000 1.000000

	*dmm44_0	-15	-30	-15		15	30	15
	-node_tm
	0.017452 0.000000 0.999848 0.000000
	0.000000 1.000000 0.000000 0.000000
	-0.999848 0.000000 0.017452 0.000000
	-1002.000000 -15.000000 1978.000000 1.000000

	*dmm46_0	-15	-30	-15		15	30	15
	-node_tm
	0.017452 0.000000 0.999848 0.000000
	0.000000 1.000000 0.000000 0.000000
	-0.999848 0.000000 0.017452 0.000000
	-1002.000000 -27.000000 1883.000000 1.000000

	*dmm46_1	-15	-30	-15		15	30	15
	-node_tm
	0.017452 0.000000 0.999848 0.000000
	0.000000 1.000000 0.000000 0.000000
	-0.999848 0.000000 0.017452 0.000000
	-910.000000 -27.000000 1981.000000 1.000000

	*dmm46_2	-15	-30	-15		15	30	15
	-node_tm
	0.017452 0.000000 0.999848 0.000000
	0.000000 1.000000 0.000000 0.000000
	-0.999848 0.000000 0.017452 0.000000
	-1091.000000 -27.000000 1980.000000 1.000000

	*dmm46_3	-15	-30	-15		15	30	15
	-node_tm
	0.017452 0.000000 0.999848 0.000000
	0.000000 1.000000 0.000000 0.000000
	-0.999848 0.000000 0.017452 0.000000
	-1001.000000 -27.000000 2084.000000 1.000000

	*dmm103_0	-15	-30	-15		15	30	15
	-node_tm
	0.017452 0.000000 0.999848 0.000000
	0.000000 1.000000 0.000000 0.000000
	-0.999848 0.000000 0.017452 0.000000
	-1476.000000 -51.000000 1662.000000 1.000000

	*dmm103_1	-15	-30	-15		15	30	15
	-node_tm
	0.017452 0.000000 0.999848 0.000000
	0.000000 1.000000 0.000000 0.000000
	-0.999848 0.000000 0.017452 0.000000
	-1568.000000 -51.000000 1749.000000 1.000000

	*dmm103_2	-15	-30	-15		15	30	15
	-node_tm
	0.017452 0.000000 0.999848 0.000000
	0.000000 1.000000 0.000000 0.000000
	-0.999848 0.000000 0.017452 0.000000
	-1480.000000 -51.000000 1840.000000 1.000000

	*dmm35_0	-15	-30	-15		15	30	15
	-node_tm
	0.017452 0.000000 0.999848 0.000000
	0.000000 1.000000 0.000000 0.000000
	-0.999848 0.000000 0.017452 0.000000
	-1556.000000 -51.000000 1447.000000 1.000000

	*dmm35_1	-15	-30	-15		15	30	15
	-node_tm
	0.017452 0.000000 0.999848 0.000000
	0.000000 1.000000 0.000000 0.000000
	-0.999848 0.000000 0.017452 0.000000
	-1559.000000 -51.000000 1578.000000 1.000000

	*dmm35_2	-15	-30	-15		15	30	15
	-node_tm
	0.017452 0.000000 0.999848 0.000000
	0.000000 1.000000 0.000000 0.000000
	-0.999848 0.000000 0.017452 0.000000
	-1726.000000 -51.000000 1442.000000 1.000000

	*dmm35_3	-15	-30	-15		15	30	15
	-node_tm
	0.017452 0.000000 0.999848 0.000000
	0.000000 1.000000 0.000000 0.000000
	-0.999848 0.000000 0.017452 0.000000
	-1721.000000 -51.000000 1580.000000 1.000000

	*dmm104_0	-15	-30	-15		15	30	15
	-node_tm
	0.017452 0.000000 0.999848 0.000000
	0.000000 1.000000 0.000000 0.000000
	-0.999848 0.000000 0.017452 0.000000
	-1987.000000 -17.000000 1439.000000 1.000000

	*dmm104_1	-15	-30	-15		15	30	15
	-node_tm
	0.017452 0.000000 0.999848 0.000000
	0.000000 1.000000 0.000000 0.000000
	-0.999848 0.000000 0.017452 0.000000
	-2078.000000 -17.000000 1529.000000 1.000000

	*dmm104_2	-15	-30	-15		15	30	15
	-node_tm
	0.017452 0.000000 0.999848 0.000000
	0.000000 1.000000 0.000000 0.000000
	-0.999848 0.000000 0.017452 0.000000
	-1992.000000 -17.000000 1642.000000 1.000000

	*dmm104_3	-15	-30	-15		15	30	15
	-node_tm
	0.017452 0.000000 0.999848 0.000000
	0.000000 1.000000 0.000000 0.000000
	-0.999848 0.000000 0.017452 0.000000
	-2166.000000 -17.000000 1441.000000 1.000000

	*dmm104_4	-15	-30	-15		15	30	15
	-node_tm
	0.017452 0.000000 0.999848 0.000000
	0.000000 1.000000 0.000000 0.000000
	-0.999848 0.000000 0.017452 0.000000
	-2167.000000 -17.000000 1643.000000 1.000000

	*dmm104_5	-15	-30	-15		15	30	15
	-node_tm
	0.017452 0.000000 0.999848 0.000000
	0.000000 1.000000 0.000000 0.000000
	-0.999848 0.000000 0.017452 0.000000
	-2077.000000 -17.000000 1760.000000 1.000000

	*dmm80_0	-15	-30	-15		15	30	15
	-node_tm
	1.000000 0.000000 -0.000000 0.000000
	0.000000 1.000000 0.000000 0.000000
	0.000000 0.000000 1.000000 0.000000
	-2660.000000 -30.000000 1651.000000 1.000000

	*dmm80_1	-15	-30	-15		15	30	15
	-node_tm
	1.000000 0.000000 -0.000000 0.000000
	0.000000 1.000000 0.000000 0.000000
	0.000000 0.000000 1.000000 0.000000
	-2448.000000 -30.000000 1672.000000 1.000000

	*dmm80_2	-15	-30	-15		15	30	15
	-node_tm
	1.000000 0.000000 -0.000000 0.000000
	0.000000 1.000000 0.000000 0.000000
	0.000000 0.000000 1.000000 0.000000
	-2764.000000 -30.000000 1867.000000 1.000000

	*dmm80_3	-15	-30	-15		15	30	15
	-node_tm
	1.000000 0.000000 -0.000000 0.000000
	0.000000 1.000000 0.000000 0.000000
	0.000000 0.000000 1.000000 0.000000
	-2504.000000 -31.000000 1934.000000 1.000000

	*dmm81_0	-15	-30	-15		15	30	15
	-node_tm
	-0.390731 0.000000 0.920505 0.000000
	0.000000 1.000000 0.000000 0.000000
	-0.920505 0.000000 -0.390731 0.000000
	-2592.000000 -31.000000 1236.000000 1.000000

	*dmm81_1	-15	-30	-15		15	30	15
	-node_tm
	-0.374607 0.000000 0.927184 0.000000
	0.000000 1.000000 0.000000 0.000000
	-0.927184 0.000000 -0.374607 0.000000
	-2554.000000 -31.000000 1338.000000 1.000000

	*dmm81_2	-15	-30	-15		15	30	15
	-node_tm
	-0.374607 0.000000 0.927184 0.000000
	0.000000 1.000000 0.000000 0.000000
	-0.927184 0.000000 -0.374607 0.000000
	-2697.000000 -31.000000 1262.000000 1.000000

	*dmm81_3	-15	-30	-15		15	30	15
	-node_tm
	-0.374607 0.000000 0.927184 0.000000
	0.000000 1.000000 0.000000 0.000000
	-0.927184 0.000000 -0.374607 0.000000
	-2651.000000 -31.000000 1369.000000 1.000000

	*dmm105_0	-15	-60	-15		15	60	15
	-node_tm
	0.913545 0.000000 0.406737 0.000000
	0.000000 1.000000 0.000000 0.000000
	-0.406737 0.000000 0.913545 0.000000
	-2620.000000 -60.000000 1304.000000 1.000000

	*dmm47_0	-15	-30	-15		15	30	15
	-node_tm
	1.000000 0.000000 -0.000000 0.000000
	0.000000 1.000000 0.000000 0.000000
	0.000000 0.000000 1.000000 0.000000
	-3037.000000 -82.000000 1141.000000 1.000000

	*dmm47_1	-15	-30	-15		15	30	15
	-node_tm
	1.000000 0.000000 -0.000000 0.000000
	0.000000 1.000000 0.000000 0.000000
	0.000000 0.000000 1.000000 0.000000
	-2933.000000 -107.000000 1032.000000 1.000000

	*dmm47_2	-15	-30	-15		15	30	15
	-node_tm
	1.000000 0.000000 -0.000000 0.000000
	0.000000 1.000000 0.000000 0.000000
	0.000000 0.000000 1.000000 0.000000
	-2924.000000 -77.000000 1228.000000 1.000000

	*dmm47_3	-15	-30	-15		15	30	15
	-node_tm
	1.000000 0.000000 -0.000000 0.000000
	0.000000 1.000000 0.000000 0.000000
	0.000000 0.000000 1.000000 0.000000
	-2829.000000 -73.000000 1133.000000 1.000000

	*dmm56_0	-15	-45	-15		15	45	15
	-node_tm
	-0.000000 0.000000 1.000000 0.000000
	0.000000 1.000000 0.000000 0.000000
	-1.000000 0.000000 -0.000000 0.000000
	-2822.000000 -75.000000 1042.000000 1.000000

	*dmm56_1	-15	-45	-15		15	45	15
	-node_tm
	0.017452 0.000000 0.999848 0.000000
	0.000000 1.000000 0.000000 0.000000
	-0.999848 0.000000 0.017452 0.000000
	-2834.000000 -67.000000 1224.000000 1.000000

	*dmm56_2	-15	-45	-15		15	45	15
	-node_tm
	0.034899 0.000000 0.999391 0.000000
	0.000000 1.000000 0.000000 0.000000
	-0.999391 0.000000 0.034899 0.000000
	-3042.000000 -101.000000 1049.000000 1.000000

	*dmm56_3	-15	-45	-15		15	45	15
	-node_tm
	0.052336 0.000000 0.998630 0.000000
	0.000000 1.000000 0.000000 0.000000
	-0.998630 0.000000 0.052336 0.000000
	-3036.000000 -101.000000 1224.000000 1.000000

	*dmm102_0	-15	-60	-15		15	60	15
	-node_tm
	1.000000 0.000000 -0.000000 0.000000
	0.000000 1.000000 0.000000 0.000000
	0.000000 0.000000 1.000000 0.000000
	-2900.000000 -89.000000 1145.000000 1.000000

	*dmm59_0	-15	-60	-15		15	60	15
	-node_tm
	1.000000 0.000000 -0.000000 0.000000
	0.000000 1.000000 0.000000 0.000000
	0.000000 0.000000 1.000000 0.000000
	-2969.000000 -93.000000 1142.000000 1.000000

	*dmm82_0	-15	-30	-15		15	30	15
	-node_tm
	-0.173648 0.000000 0.984808 0.000000
	0.000000 1.000000 0.000000 0.000000
	-0.984808 0.000000 -0.173648 0.000000
	-3649.000000 -136.000000 1121.000000 1.000000

	*dmm82_1	-15	-30	-15		15	30	15
	-node_tm
	-0.173648 0.000000 0.984808 0.000000
	0.000000 1.000000 0.000000 0.000000
	-0.984808 0.000000 -0.173648 0.000000
	-3268.000000 -125.000000 1007.000000 1.000000

	*dmm82_2	-15	-30	-15		15	30	15
	-node_tm
	-0.173648 0.000000 0.984808 0.000000
	0.000000 1.000000 0.000000 0.000000
	-0.984808 0.000000 -0.173648 0.000000
	-3233.000000 -121.000000 1169.000000 1.000000

	*dmm63_0	-15	-45	-15		15	45	15
	-node_tm
	0.927184 0.000000 0.374607 0.000000
	0.000000 1.000000 0.000000 0.000000
	-0.374607 0.000000 0.927184 0.000000
	-3068.000000 -28.000000 1757.000000 1.000000

	*dmm63_1	-15	-45	-15		15	45	15
	-node_tm
	0.927184 0.000000 0.374607 0.000000
	0.000000 1.000000 0.000000 0.000000
	-0.374607 0.000000 0.927184 0.000000
	-2926.000000 -28.000000 1811.000000 1.000000

	*dmm63_2	-15	-45	-15		15	45	15
	-node_tm
	0.927184 0.000000 0.374607 0.000000
	0.000000 1.000000 0.000000 0.000000
	-0.374607 0.000000 0.927184 0.000000
	-3146.000000 -28.000000 1919.000000 1.000000

	*dmm63_3	-15	-45	-15		15	45	15
	-node_tm
	0.927184 0.000000 0.374607 0.000000
	0.000000 1.000000 0.000000 0.000000
	-0.374607 0.000000 0.927184 0.000000
	-2996.000000 -28.000000 1982.000000 1.000000

	*dmm61_0	-30	-45	-30		30	45	30
	-node_tm
	0.927184 0.000000 0.374607 0.000000
	0.000000 1.000000 0.000000 0.000000
	-0.374607 0.000000 0.927184 0.000000
	-3038.000000 -57.000000 1891.000000 1.000000

	*dmm62_0	-15	-45	-15		15	45	15
	-node_tm
	0.798635 0.000000 0.601815 0.000000
	0.000000 1.000000 0.000000 0.000000
	-0.601815 0.000000 0.798635 0.000000
	-3317.000000 -59.000000 1556.000000 1.000000

	*dmm62_1	-15	-45	-15		15	45	15
	-node_tm
	0.798635 0.000000 0.601815 0.000000
	0.000000 1.000000 0.000000 0.000000
	-0.601815 0.000000 0.798635 0.000000
	-3166.000000 -45.000000 1676.000000 1.000000

	*dmm62_2	-15	-45	-15		15	45	15
	-node_tm
	0.798635 0.000000 0.601815 0.000000
	0.000000 1.000000 0.000000 0.000000
	-0.601815 0.000000 0.798635 0.000000
	-3453.000000 -61.000000 1712.000000 1.000000

	*dmm62_3	-15	-45	-15		15	45	15
	-node_tm
	0.798635 0.000000 0.601815 0.000000
	0.000000 1.000000 0.000000 0.000000
	-0.601815 0.000000 0.798635 0.000000
	-3270.000000 -45.000000 1832.000000 1.000000

	*dmm60_0	-40	-45	-40		40	45	40
	-node_tm
	0.819152 0.000000 0.573576 0.000000
	0.000000 1.000000 0.000000 0.000000
	-0.573576 0.000000 0.819152 0.000000
	-3302.000000 -80.000000 1704.000000 1.000000

	*dmm45_0	-15	-45	-15		15	45	15
	-node_tm
	1.000000 0.000000 -0.000000 0.000000
	0.000000 1.000000 0.000000 0.000000
	0.000000 0.000000 1.000000 0.000000
	-3655.000000 -106.000000 1240.000000 1.000000

	*dmm45_1	-15	-45	-15		15	45	15
	-node_tm
	1.000000 0.000000 -0.000000 0.000000
	0.000000 1.000000 0.000000 0.000000
	0.000000 0.000000 1.000000 0.000000
	-3458.000000 -106.000000 1257.000000 1.000000

	*dmm45_2	-15	-45	-15		15	45	15
	-node_tm
	1.000000 0.000000 -0.000000 0.000000
	0.000000 1.000000 0.000000 0.000000
	0.000000 0.000000 1.000000 0.000000
	-3648.000000 -106.000000 1522.000000 1.000000

	*dmm45_3	-15	-45	-15		15	45	15
	-node_tm
	1.000000 0.000000 -0.000000 0.000000
	0.000000 1.000000 0.000000 0.000000
	0.000000 0.000000 1.000000 0.000000
	-3458.000000 -106.000000 1515.000000 1.000000

	*dmm85_0	-15	-45	-15		15	45	15
	-node_tm
	1.000000 0.000000 -0.000000 0.000000
	0.000000 1.000000 0.000000 0.000000
	0.000000 0.000000 1.000000 0.000000
	-3672.000000 -119.000000 1382.000000 1.000000

	*dmm85_1	-15	-45	-15		15	45	15
	-node_tm
	1.000000 0.000000 -0.000000 0.000000
	0.000000 1.000000 0.000000 0.000000
	0.000000 0.000000 1.000000 0.000000
	-3573.000000 -127.000000 1247.000000 1.000000

	*dmm85_2	-15	-45	-15		15	45	15
	-node_tm
	1.000000 0.000000 -0.000000 0.000000
	0.000000 1.000000 0.000000 0.000000
	0.000000 0.000000 1.000000 0.000000
	-3552.000000 -119.000000 1518.000000 1.000000

	*dmm85_3	-15	-45	-15		15	45	15
	-node_tm
	1.000000 0.000000 -0.000000 0.000000
	0.000000 1.000000 0.000000 0.000000
	0.000000 0.000000 1.000000 0.000000
	-3474.000000 -119.000000 1391.000000 1.000000

	*dmm57_0	-30	-45	-30		30	45	30
	-node_tm
	-0.999848 0.000000 0.017452 0.000000
	0.000000 1.000000 0.000000 0.000000
	-0.017452 0.000000 -0.999848 0.000000
	-3582.000000 -127.000000 1386.000000 1.000000

	*dmm106_0	-15	-60	-15		15	60	15
	-node_tm
	1.000000 0.000000 -0.000000 0.000000
	0.000000 1.000000 0.000000 0.000000
	0.000000 0.000000 1.000000 0.000000
	-3570.000000 -137.000000 1312.000000 1.000000

	*dmm58_0	-15	-60	-15		15	60	15
	-node_tm
	-0.999391 0.000000 0.034899 0.000000
	0.000000 1.000000 0.000000 0.000000
	-0.034899 0.000000 -0.999391 0.000000
	-3560.000000 -121.000000 1461.000000 1.000000

	*dmm1_0	-30	-100	-30		30	100	30
	-node_tm
	-0.956305 0.000000 0.292372 0.000000
	0.000000 1.000000 0.000000 0.000000
	-0.292372 0.000000 -0.956305 0.000000
	-3704.000000 -166.000000 257.000000 1.000000

	*dmm2_0	-20	-100	-20		20	100	20
	-node_tm
	-0.999848 0.000000 -0.017452 0.000000
	0.000000 1.000000 0.000000 0.000000
	0.017452 0.000000 -0.999848 0.000000
	-3704.000000 -149.000000 447.000000 1.000000

	*dmm5_0	-20	-100	-20		20	100	20
	-node_tm
	-0.882948 0.000000 -0.469472 0.000000
	0.000000 1.000000 0.000000 0.000000
	0.469472 0.000000 -0.882948 0.000000
	-3795.000000 -153.000000 414.000000 1.000000

	*dmm6_0	-20	-100	-20		20	100	20
	-node_tm
	-0.453990 0.000000 -0.891007 0.000000
	0.000000 1.000000 0.000000 0.000000
	0.891007 0.000000 -0.453990 0.000000
	-3866.000000 -166.000000 351.000000 1.000000

	*dmm7_0	-20	-100	-20		20	100	20
	-node_tm
	-0.034899 0.000000 -0.999391 0.000000
	0.000000 1.000000 0.000000 0.000000
	0.999391 0.000000 -0.034899 0.000000
	-3891.000000 -164.000000 262.000000 1.000000

	*dmm8_0	-20	-100	-20		20	100	20
	-node_tm
	0.544639 0.000000 -0.838671 0.000000
	0.000000 1.000000 0.000000 0.000000
	0.838671 0.000000 0.544639 0.000000
	-3866.000000 -166.000000 169.000000 1.000000

	*dmm9_0	-20	-100	-20		20	100	20
	-node_tm
	0.857167 0.000000 -0.515038 0.000000
	0.000000 1.000000 0.000000 0.000000
	0.515038 0.000000 0.857167 0.000000
	-3798.000000 -166.000000 101.000000 1.000000

	*dmm10_0	-20	-100	-20		20	100	20
	-node_tm
	0.999848 0.000000 -0.017452 0.000000
	0.000000 1.000000 0.000000 0.000000
	0.017452 0.000000 0.999848 0.000000
	-3705.000000 -166.000000 73.000000 1.000000

	*dmm11_0	-20	-100	-20		20	100	20
	-node_tm
	0.882948 0.000000 0.469472 0.000000
	0.000000 1.000000 0.000000 0.000000
	-0.469472 0.000000 0.882948 0.000000
	-3612.000000 -166.000000 99.000000 1.000000

	*dmm12_0	-20	-100	-20		20	100	20
	-node_tm
	0.515038 0.000000 0.857167 0.000000
	0.000000 1.000000 0.000000 0.000000
	-0.857167 0.000000 0.515038 0.000000
	-3545.000000 -166.000000 166.000000 1.000000

	*dmm13_0	-20	-100	-20		20	100	20
	-node_tm
	-0.000000 0.000000 1.000000 0.000000
	0.000000 1.000000 0.000000 0.000000
	-1.000000 0.000000 -0.000000 0.000000
	-3522.000000 -166.000000 259.000000 1.000000

	*dmm4_0	-20	-100	-20		20	100	20
	-node_tm
	-0.515038 0.000000 0.857167 0.000000
	0.000000 1.000000 0.000000 0.000000
	-0.857167 0.000000 -0.515038 0.000000
	-3545.000000 -166.000000 351.000000 1.000000

	*dmm3_0	-20	-100	-20		20	100	20
	-node_tm
	-0.882948 0.000000 0.469472 0.000000
	0.000000 1.000000 0.000000 0.000000
	-0.469472 0.000000 -0.882948 0.000000
	-3613.000000 -166.000000 418.000000 1.000000

	*dmm28_0	-25	-80	-25		25	80	25
	-node_tm
	0.017452 0.000000 0.999848 0.000000
	0.000000 1.000000 0.000000 0.000000
	-0.999848 0.000000 0.017452 0.000000
	-5605.000000 -201.000000 -154.000000 1.000000

	*dmm28_1	-25	-80	-25		25	80	25
	-node_tm
	0.017452 0.000000 0.999848 0.000000
	0.000000 1.000000 0.000000 0.000000
	-0.999848 0.000000 0.017452 0.000000
	-5600.000000 -201.000000 41.000000 1.000000

	*dmm28_2	-25	-80	-25		25	80	25
	-node_tm
	0.017452 0.000000 0.999848 0.000000
	0.000000 1.000000 0.000000 0.000000
	-0.999848 0.000000 0.017452 0.000000
	-5780.000000 -201.000000 -151.000000 1.000000

	*dmm28_3	-25	-80	-25		25	80	25
	-node_tm
	0.017452 0.000000 0.999848 0.000000
	0.000000 1.000000 0.000000 0.000000
	-0.999848 0.000000 0.017452 0.000000
	-5785.000000 -201.000000 42.000000 1.000000

	*dmm29_0	-25	-80	-25		25	80	25
	-node_tm
	0.017452 0.000000 0.999848 0.000000
	0.000000 1.000000 0.000000 0.000000
	-0.999848 0.000000 0.017452 0.000000
	-5689.000000 -201.000000 -152.000000 1.000000

	*dmm29_1	-25	-80	-25		25	80	25
	-node_tm
	0.017452 0.000000 0.999848 0.000000
	0.000000 1.000000 0.000000 0.000000
	-0.999848 0.000000 0.017452 0.000000
	-5601.000000 -201.000000 -50.000000 1.000000

	*dmm29_2	-25	-80	-25		25	80	25
	-node_tm
	0.017452 0.000000 0.999848 0.000000
	0.000000 1.000000 0.000000 0.000000
	-0.999848 0.000000 0.017452 0.000000
	-5781.000000 -201.000000 -58.000000 1.000000

	*dmm29_3	-25	-80	-25		25	80	25
	-node_tm
	0.017452 0.000000 0.999848 0.000000
	0.000000 1.000000 0.000000 0.000000
	-0.999848 0.000000 0.017452 0.000000
	-5689.000000 -201.000000 41.000000 1.000000

	*dmm34_0	-40	-150	-40		40	150	40
	-node_tm
	-0.017452 0.000000 0.999848 0.000000
	0.000000 1.000000 0.000000 0.000000
	-0.999848 0.000000 -0.017452 0.000000
	-5696.000000 -201.000000 -66.000000 1.000000

	*dmm27_0	-40	-80	-40		40	80	40
	-node_tm
	0.275637 0.000000 0.961262 0.000000
	0.000000 1.000000 0.000000 0.000000
	-0.961262 0.000000 0.275637 0.000000
	-6186.000000 -201.000000 554.000000 1.000000

	*dmm25_0	-25	-80	-25		25	80	25
	-node_tm
	0.309017 0.000000 0.951057 0.000000
	0.000000 1.000000 0.000000 0.000000
	-0.951057 0.000000 0.309017 0.000000
	-6134.000000 -201.000000 421.000000 1.000000

	*dmm25_1	-25	-80	-25		25	80	25
	-node_tm
	0.309017 0.000000 0.951057 0.000000
	0.000000 1.000000 0.000000 0.000000
	-0.951057 0.000000 0.309017 0.000000
	-6070.000000 -201.000000 619.000000 1.000000

	*dmm25_2	-25	-80	-25		25	80	25
	-node_tm
	0.309017 0.000000 0.951057 0.000000
	0.000000 1.000000 0.000000 0.000000
	-0.951057 0.000000 0.309017 0.000000
	-6315.000000 -201.000000 482.000000 1.000000

	*dmm25_3	-25	-80	-25		25	80	25
	-node_tm
	0.309017 0.000000 0.951057 0.000000
	0.000000 1.000000 0.000000 0.000000
	-0.951057 0.000000 0.309017 0.000000
	-6254.000000 -201.000000 677.000000 1.000000

	*dmm26_0	-25	-80	-25		25	80	25
	-node_tm
	0.292372 0.000000 0.956305 0.000000
	0.000000 1.000000 0.000000 0.000000
	-0.956305 0.000000 0.292372 0.000000
	-6217.000000 -201.000000 448.000000 1.000000

	*dmm26_1	-25	-80	-25		25	80	25
	-node_tm
	0.292372 0.000000 0.956305 0.000000
	0.000000 1.000000 0.000000 0.000000
	-0.956305 0.000000 0.292372 0.000000
	-6102.000000 -201.000000 518.000000 1.000000

	*dmm26_2	-25	-80	-25		25	80	25
	-node_tm
	0.292372 0.000000 0.956305 0.000000
	0.000000 1.000000 0.000000 0.000000
	-0.956305 0.000000 0.292372 0.000000
	-6281.000000 -201.000000 571.000000 1.000000

	*dmm26_3	-25	-80	-25		25	80	25
	-node_tm
	0.292372 0.000000 0.956305 0.000000
	0.000000 1.000000 0.000000 0.000000
	-0.956305 0.000000 0.292372 0.000000
	-6161.000000 -201.000000 648.000000 1.000000

	*dmm32_0	-40	-150	-40		40	150	40
	-node_tm
	0.358368 0.000000 0.933580 0.000000
	0.000000 1.000000 0.000000 0.000000
	-0.933580 0.000000 0.358368 0.000000
	-7058.000000 -201.000000 172.000000 1.000000

	*dmm31_0	-25	-150	-25		25	150	25
	-node_tm
	0.358368 0.000000 0.933580 0.000000
	0.000000 1.000000 0.000000 0.000000
	-0.933580 0.000000 0.358368 0.000000
	-7088.000000 -201.000000 91.000000 1.000000

	*dmm31_1	-25	-150	-25		25	150	25
	-node_tm
	0.358368 0.000000 0.933580 0.000000
	0.000000 1.000000 0.000000 0.000000
	-0.933580 0.000000 0.358368 0.000000
	-6966.000000 -201.000000 139.000000 1.000000

	*dmm31_2	-25	-150	-25		25	150	25
	-node_tm
	0.358368 0.000000 0.933580 0.000000
	0.000000 1.000000 0.000000 0.000000
	-0.933580 0.000000 0.358368 0.000000
	-7143.000000 -201.000000 212.000000 1.000000

	*dmm31_3	-25	-150	-25		25	150	25
	-node_tm
	0.358368 0.000000 0.933580 0.000000
	0.000000 1.000000 0.000000 0.000000
	-0.933580 0.000000 0.358368 0.000000
	-7025.000000 -201.000000 269.000000 1.000000

	*dmm30_0	-25	-150	-25		25	150	25
	-node_tm
	0.358368 0.000000 0.933580 0.000000
	0.000000 1.000000 0.000000 0.000000
	-0.933580 0.000000 0.358368 0.000000
	-6997.000000 -201.000000 60.000000 1.000000

	*dmm30_1	-25	-150	-25		25	150	25
	-node_tm
	0.358368 0.000000 0.933580 0.000000
	0.000000 1.000000 0.000000 0.000000
	-0.933580 0.000000 0.358368 0.000000
	-6935.000000 -201.000000 233.000000 1.000000

	*dmm30_2	-25	-150	-25		25	150	25
	-node_tm
	0.358368 0.000000 0.933580 0.000000
	0.000000 1.000000 0.000000 0.000000
	-0.933580 0.000000 0.358368 0.000000
	-7173.000000 -201.000000 126.000000 1.000000

	*dmm30_3	-25	-150	-25		25	150	25
	-node_tm
	0.358368 0.000000 0.933580 0.000000
	0.000000 1.000000 0.000000 0.000000
	-0.933580 0.000000 0.358368 0.000000
	-7113.000000 -201.000000 303.000000 1.000000

	*dmm17_0	-20	-50	-20		20	50	20
	-node_tm
	0.731354 0.000000 0.681998 0.000000
	0.000000 1.000000 0.000000 0.000000
	-0.681998 0.000000 0.731354 0.000000
	-7817.000000 -146.000000 1358.000000 1.000000

	*dmm18_0	-20	-50	-20		20	50	20
	-node_tm
	0.731354 0.000000 0.681998 0.000000
	0.000000 1.000000 0.000000 0.000000
	-0.681998 0.000000 0.731354 0.000000
	-7772.000000 -153.000000 1311.000000 1.000000

	*dmm19_0	-20	-50	-20		20	50	20
	-node_tm
	0.731354 0.000000 0.681998 0.000000
	0.000000 1.000000 0.000000 0.000000
	-0.681998 0.000000 0.731354 0.000000
	-7732.000000 -162.000000 1266.000000 1.000000

	*dmm20_0	-20	-50	-20		20	50	20
	-node_tm
	0.731354 0.000000 0.681998 0.000000
	0.000000 1.000000 0.000000 0.000000
	-0.681998 0.000000 0.731354 0.000000
	-7688.000000 -171.000000 1218.000000 1.000000

	*dmm21_0	-20	-50	-20		20	50	20
	-node_tm
	0.731354 0.000000 0.681998 0.000000
	0.000000 1.000000 0.000000 0.000000
	-0.681998 0.000000 0.731354 0.000000
	-7935.000000 -152.000000 1242.000000 1.000000

	*dmm22_0	-20	-50	-20		20	50	20
	-node_tm
	0.731354 0.000000 0.681998 0.000000
	0.000000 1.000000 0.000000 0.000000
	-0.681998 0.000000 0.731354 0.000000
	-7891.000000 -145.000000 1194.000000 1.000000

	*dmm23_0	-20	-50	-20		20	50	20
	-node_tm
	0.731354 0.000000 0.681998 0.000000
	0.000000 1.000000 0.000000 0.000000
	-0.681998 0.000000 0.731354 0.000000
	-7856.000000 -153.000000 1153.000000 1.000000

	*dmm24_0	-20	-50	-20		20	50	20
	-node_tm
	0.731354 0.000000 0.681998 0.000000
	0.000000 1.000000 0.000000 0.000000
	-0.681998 0.000000 0.731354 0.000000
	-7811.000000 -170.000000 1101.000000 1.000000

	*dmm51_0	-40	-50	-40		40	50	40
	-node_tm
	0.945519 0.000000 0.325568 0.000000
	0.000000 1.000000 0.000000 0.000000
	-0.325568 0.000000 0.945519 0.000000
	-7407.000000 -185.000000 1491.000000 1.000000

	*dmm33_0	-25	-50	-25		25	50	25
	-node_tm
	0.945519 0.000000 0.325568 0.000000
	0.000000 1.000000 0.000000 0.000000
	-0.325568 0.000000 0.945519 0.000000
	-7465.000000 -188.000000 1384.000000 1.000000

	*dmm33_1	-25	-50	-25		25	50	25
	-node_tm
	0.945519 0.000000 0.325568 0.000000
	0.000000 1.000000 0.000000 0.000000
	-0.325568 0.000000 0.945519 0.000000
	-7305.000000 -188.000000 1448.000000 1.000000

	*dmm33_2	-25	-50	-25		25	50	25
	-node_tm
	0.945519 0.000000 0.325568 0.000000
	0.000000 1.000000 0.000000 0.000000
	-0.325568 0.000000 0.945519 0.000000
	-7513.000000 -188.000000 1531.000000 1.000000

	*dmm33_3	-25	-50	-25		25	50	25
	-node_tm
	0.945519 0.000000 0.325568 0.000000
	0.000000 1.000000 0.000000 0.000000
	-0.325568 0.000000 0.945519 0.000000
	-7350.000000 -188.000000 1588.000000 1.000000

	*dmm50_0	-25	-50	-25		25	50	25
	-node_tm
	0.945519 0.000000 0.325568 0.000000
	0.000000 1.000000 0.000000 0.000000
	-0.325568 0.000000 0.945519 0.000000
	-7490.000000 -187.000000 1456.000000 1.000000

	*dmm50_1	-25	-50	-25		25	50	25
	-node_tm
	0.945519 0.000000 0.325568 0.000000
	0.000000 1.000000 0.000000 0.000000
	-0.325568 0.000000 0.945519 0.000000
	-7381.000000 -187.000000 1417.000000 1.000000

	*dmm50_2	-25	-50	-25		25	50	25
	-node_tm
	0.945519 0.000000 0.325568 0.000000
	0.000000 1.000000 0.000000 0.000000
	-0.325568 0.000000 0.945519 0.000000
	-7433.000000 -187.000000 1559.000000 1.000000

	*dmm50_3	-25	-50	-25		25	50	25
	-node_tm
	0.945519 0.000000 0.325568 0.000000
	0.000000 1.000000 0.000000 0.000000
	-0.325568 0.000000 0.945519 0.000000
	-7325.000000 -187.000000 1513.000000 1.000000

	*dmm54_0	-40	-50	-40		40	50	40
	-node_tm
	0.515038 0.000000 0.857167 0.000000
	0.000000 1.000000 0.000000 0.000000
	-0.857167 0.000000 0.515038 0.000000
	-8265.000000 -210.000000 853.000000 1.000000

	*dmm53_0	-25	-50	-25		25	50	25
	-node_tm
	0.515038 0.000000 0.857167 0.000000
	0.000000 1.000000 0.000000 0.000000
	-0.857167 0.000000 0.515038 0.000000
	-8295.000000 -207.000000 780.000000 1.000000

	*dmm53_1	-25	-50	-25		25	50	25
	-node_tm
	0.515038 0.000000 0.857167 0.000000
	0.000000 1.000000 0.000000 0.000000
	-0.857167 0.000000 0.515038 0.000000
	-8193.000000 -207.000000 807.000000 1.000000

	*dmm53_2	-25	-50	-25		25	50	25
	-node_tm
	0.515038 0.000000 0.857167 0.000000
	0.000000 1.000000 0.000000 0.000000
	-0.857167 0.000000 0.515038 0.000000
	-8321.000000 -207.000000 883.000000 1.000000

	*dmm53_3	-25	-50	-25		25	50	25
	-node_tm
	0.515038 0.000000 0.857167 0.000000
	0.000000 1.000000 0.000000 0.000000
	-0.857167 0.000000 0.515038 0.000000
	-8222.000000 -207.000000 912.000000 1.000000

	*dmm52_0	-25	-50	-25		25	50	25
	-node_tm
	0.515038 0.000000 0.857167 0.000000
	0.000000 1.000000 0.000000 0.000000
	-0.857167 0.000000 0.515038 0.000000
	-8226.000000 -201.000000 739.000000 1.000000

	*dmm52_1	-25	-50	-25		25	50	25
	-node_tm
	0.515038 0.000000 0.857167 0.000000
	0.000000 1.000000 0.000000 0.000000
	-0.857167 0.000000 0.515038 0.000000
	-8153.000000 -201.000000 870.000000 1.000000

	*dmm52_2	-25	-50	-25		25	50	25
	-node_tm
	0.515038 0.000000 0.857167 0.000000
	0.000000 1.000000 0.000000 0.000000
	-0.857167 0.000000 0.515038 0.000000
	-8356.000000 -201.000000 817.000000 1.000000

	*dmm52_3	-25	-50	-25		25	50	25
	-node_tm
	0.515038 0.000000 0.857167 0.000000
	0.000000 1.000000 0.000000 0.000000
	-0.857167 0.000000 0.515038 0.000000
	-8282.000000 -201.000000 945.000000 1.000000

	*dmm15_0	-20	-50	-20		20	50	20
	-node_tm
	-0.309017 0.000000 0.951057 0.000000
	0.000000 1.000000 0.000000 0.000000
	-0.951057 0.000000 -0.309017 0.000000
	-8192.000000 -138.000000 1516.000000 1.000000

	*dmm16_0	-20	-50	-20		20	50	20
	-node_tm
	0.913545 0.000000 -0.406737 0.000000
	0.000000 1.000000 0.000000 0.000000
	0.406737 0.000000 0.913545 0.000000
	-8055.000000 -138.000000 1636.000000 1.000000

	*dmm14_0	-20	-50	-20		20	50	20
	-node_tm
	0.754710 0.000000 0.656059 0.000000
	0.000000 1.000000 0.000000 0.000000
	-0.656059 0.000000 0.754710 0.000000
	-8144.000000 -138.000000 1601.000000 1.000000

	*dmm117_0	-20	-40	-20		20	40	20
	-node_tm
	0.017452 0.000000 0.999848 0.000000
	0.000000 1.000000 0.000000 0.000000
	-0.999848 0.000000 0.017452 0.000000
	-3004.000000 -174.000000 488.000000 1.000000

	*dmm117_1	-20	-40	-20		20	40	20
	-node_tm
	0.017452 0.000000 0.999848 0.000000
	0.000000 1.000000 0.000000 0.000000
	-0.999848 0.000000 0.017452 0.000000
	-3008.000000 -174.000000 560.000000 1.000000

	*dmm117_2	-20	-40	-20		20	40	20
	-node_tm
	0.017452 0.000000 0.999848 0.000000
	0.000000 1.000000 0.000000 0.000000
	-0.999848 0.000000 0.017452 0.000000
	-3071.000000 -174.000000 475.000000 1.000000

	*dmm117_3	-20	-40	-20		20	40	20
	-node_tm
	0.017452 0.000000 0.999848 0.000000
	0.000000 1.000000 0.000000 0.000000
	-0.999848 0.000000 0.017452 0.000000
	-3085.000000 -174.000000 556.000000 1.000000

	*dmm118_0	-20	-40	-20		20	40	20
	-node_tm
	0.017452 0.000000 0.999848 0.000000
	0.000000 1.000000 0.000000 0.000000
	-0.999848 0.000000 0.017452 0.000000
	-2770.000000 -169.000000 273.000000 1.000000

	*dmm118_1	-20	-40	-20		20	40	20
	-node_tm
	0.017452 0.000000 0.999848 0.000000
	0.000000 1.000000 0.000000 0.000000
	-0.999848 0.000000 0.017452 0.000000
	-2719.000000 -169.000000 336.000000 1.000000

	*dmm118_2	-20	-40	-20		20	40	20
	-node_tm
	0.017452 0.000000 0.999848 0.000000
	0.000000 1.000000 0.000000 0.000000
	-0.999848 0.000000 0.017452 0.000000
	-2852.000000 -169.000000 268.000000 1.000000

	*dmm118_3	-20	-40	-20		20	40	20
	-node_tm
	0.017452 0.000000 0.999848 0.000000
	0.000000 1.000000 0.000000 0.000000
	-0.999848 0.000000 0.017452 0.000000
	-2821.000000 -169.000000 331.000000 1.000000

	*dmm116_0	-40	-80	-20		40	80	20
	-node_tm
	1.000000 0.000000 -0.000000 0.000000
	0.000000 1.000000 0.000000 0.000000
	0.000000 0.000000 1.000000 0.000000
	-2366.000000 -169.000000 286.000000 1.000000

	*dmm116_1	-40	-80	-20		40	80	20
	-node_tm
	1.000000 0.000000 -0.000000 0.000000
	0.000000 1.000000 0.000000 0.000000
	0.000000 0.000000 1.000000 0.000000
	-2380.000000 -169.000000 558.000000 1.000000

	*dmm115_0	-40	-80	-20		40	80	20
	-node_tm
	1.000000 0.000000 -0.000000 0.000000
	0.000000 1.000000 0.000000 0.000000
	0.000000 0.000000 1.000000 0.000000
	-2253.000000 -169.000000 289.000000 1.000000

	*dmm115_1	-40	-80	-20		40	80	20
	-node_tm
	1.000000 0.000000 -0.000000 0.000000
	0.000000 1.000000 0.000000 0.000000
	0.000000 0.000000 1.000000 0.000000
	-2223.000000 -169.000000 557.000000 1.000000

	*dmm114_0	-40	-80	-20		40	80	20
	-node_tm
	1.000000 0.000000 -0.000000 0.000000
	0.000000 1.000000 0.000000 0.000000
	0.000000 0.000000 1.000000 0.000000
	-2056.000000 -169.000000 340.000000 1.000000

	*dmm114_1	-40	-80	-20		40	80	20
	-node_tm
	1.000000 0.000000 -0.000000 0.000000
	0.000000 1.000000 0.000000 0.000000
	0.000000 0.000000 1.000000 0.000000
	-2058.000000 -169.000000 561.000000 1.000000

	*dmm36_0	-40	-50	-40		40	50	40
	-node_tm
	1.000000 0.000000 -0.000000 0.000000
	0.000000 1.000000 0.000000 0.000000
	0.000000 0.000000 1.000000 0.000000
	-4978.000000 -201.000000 580.000000 1.000000

	*dmm40_0	-25	-80	-25		25	80	25
	-node_tm
	0.017452 0.000000 0.999848 0.000000
	0.000000 1.000000 0.000000 0.000000
	-0.999848 0.000000 0.017452 0.000000
	-4909.000000 -201.000000 473.000000 1.000000

	*dmm40_1	-25	-80	-25		25	80	25
	-node_tm
	0.017452 0.000000 0.999848 0.000000
	0.000000 1.000000 0.000000 0.000000
	-0.999848 0.000000 0.017452 0.000000
	-4897.000000 -201.000000 642.000000 1.000000

	*dmm40_2	-25	-80	-25		25	80	25
	-node_tm
	0.017452 0.000000 0.999848 0.000000
	0.000000 1.000000 0.000000 0.000000
	-0.999848 0.000000 0.017452 0.000000
	-5069.000000 -201.000000 470.000000 1.000000

	*dmm40_3	-25	-80	-25		25	80	25
	-node_tm
	0.017452 0.000000 0.999848 0.000000
	0.000000 1.000000 0.000000 0.000000
	-0.999848 0.000000 0.017452 0.000000
	-5081.000000 -201.000000 645.000000 1.000000

	*dmm43_0	-25	-80	-25		25	80	25
	-node_tm
	0.017452 0.000000 0.999848 0.000000
	0.000000 1.000000 0.000000 0.000000
	-0.999848 0.000000 0.017452 0.000000
	-4986.000000 -201.000000 460.000000 1.000000

	*dmm43_1	-25	-80	-25		25	80	25
	-node_tm
	0.017452 0.000000 0.999848 0.000000
	0.000000 1.000000 0.000000 0.000000
	-0.999848 0.000000 0.017452 0.000000
	-4901.000000 -201.000000 557.000000 1.000000

	*dmm43_2	-25	-80	-25		25	80	25
	-node_tm
	0.017452 0.000000 0.999848 0.000000
	0.000000 1.000000 0.000000 0.000000
	-0.999848 0.000000 0.017452 0.000000
	-5082.000000 -201.000000 549.000000 1.000000

	*dmm43_3	-25	-80	-25		25	80	25
	-node_tm
	0.017452 0.000000 0.999848 0.000000
	0.000000 1.000000 0.000000 0.000000
	-0.999848 0.000000 0.017452 0.000000
	-4987.000000 -201.000000 647.000000 1.000000

	*dmm55_0	-100	-150	-100		100	150	100
	-node_tm
	0.927184 0.000000 -0.374607 0.000000
	0.000000 1.000000 0.000000 0.000000
	0.374607 0.000000 0.927184 0.000000
	-6813.000000 -201.000000 670.000000 1.000000

	*dmm55_1	-100	-150	-100		100	150	100
	-node_tm
	0.978148 0.000000 -0.207912 0.000000
	0.000000 1.000000 0.000000 0.000000
	0.207912 0.000000 0.978148 0.000000
	-6334.000000 -201.000000 -22.000000 1.000000

	*dmm55_2	-100	-150	-100		100	150	100
	-node_tm
	1.000000 0.000000 -0.000000 0.000000
	0.000000 1.000000 0.000000 0.000000
	0.000000 0.000000 1.000000 0.000000
	-5637.000000 -201.000000 523.000000 1.000000

	*dmm112_0	-15	-30	-15		15	30	15
	-node_tm
	0.017452 0.000000 0.999848 0.000000
	0.000000 1.000000 0.000000 0.000000
	-0.999848 0.000000 0.017452 0.000000
	285.000000 25.000000 129.000000 1.000000

	*dmm119_2	-10	-100	-10		10	100	10
	-node_tm
	1.000000 0.000000 -0.000000 0.000000
	0.000000 1.000000 0.000000 0.000000
	0.000000 0.000000 1.000000 0.000000
	-3416.000000 -149.000000 767.000000 1.000000

	*dmm120_1	-20	-14	-20		20	14	20
	-node_tm
	1.000000 0.000000 -0.000000 0.000000
	0.000000 1.000000 0.000000 0.000000
	0.000000 0.000000 1.000000 0.000000
	-2675.000000 -8.000000 1882.000000 1.000000

	*dsstart0	-30	-30	-30		30	30	30
	-node_tm
	1.000000 0.000000 -0.000000 0.000000
	0.000000 1.000000 0.000000 0.000000
	0.000000 0.000000 1.000000 0.000000
	1040.000000 1.000000 685.000000 1.000000

	*dsstart1	-30	-30	-30		30	30	30
	-node_tm
	1.000000 0.000000 -0.000000 0.000000
	0.000000 1.000000 0.000000 0.000000
	0.000000 0.000000 1.000000 0.000000
	1043.000000 3.000000 687.000000 1.000000

	*dsstart2	-30	-30	-30		30	30	30
	-node_tm
	1.000000 0.000000 -0.000000 0.000000
	0.000000 1.000000 0.000000 0.000000
	0.000000 0.000000 1.000000 0.000000
	1044.000000 0.000000 690.000000 1.000000

	*medicallab2m111	-15	-30	-15		15	30	15
	-node_tm
	0.017452 0.000000 0.999848 0.000000
	0.000000 1.000000 0.000000 0.000000
	-0.999848 0.000000 0.017452 0.000000
	988.000000 10.000000 90.000000 1.000000

	*medicallab2m39	-40	-30	-40		40	30	40
	-node_tm
	0.017452 0.000000 0.999848 0.000000
	0.000000 1.000000 0.000000 0.000000
	-0.999848 0.000000 0.017452 0.000000
	994.000000 23.000000 87.000000 1.000000

	*medicallab2m112	-15	-30	-15		15	30	15
	-node_tm
	0.017452 0.000000 0.999848 0.000000
	0.000000 1.000000 0.000000 0.000000
	-0.999848 0.000000 0.017452 0.000000
	289.000000 21.000000 120.000000 1.000000

	*medicallab2m37	-80	-30	-80		80	30	80
	-node_tm
	0.017452 0.000000 0.999848 0.000000
	0.000000 1.000000 0.000000 0.000000
	-0.999848 0.000000 0.017452 0.000000
	288.000000 21.000000 99.000000 1.000000

	*medicallab2m113	-15	-30	-15		15	30	15
	-node_tm
	0.017452 0.000000 0.999848 0.000000
	0.000000 1.000000 0.000000 0.000000
	-0.999848 0.000000 0.017452 0.000000
	43.000000 22.000000 355.000000 1.000000

	*medicallab2m38	-30	-30	-15		30	30	15
	-node_tm
	0.017452 0.000000 0.999848 0.000000
	0.000000 1.000000 0.000000 0.000000
	-0.999848 0.000000 0.017452 0.000000
	109.000000 25.000000 354.000000 1.000000

	*medicallab2m41	-30	-30	-30		30	30	30
	-node_tm
	0.017452 0.000000 0.999848 0.000000
	0.000000 1.000000 0.000000 0.000000
	-0.999848 0.000000 0.017452 0.000000
	122.000000 -16.000000 1539.000000 1.000000

	*medicallab2m42	-30	-30	-30		30	30	30
	-node_tm
	0.017452 0.000000 0.999848 0.000000
	0.000000 1.000000 0.000000 0.000000
	-0.999848 0.000000 0.017452 0.000000
	-126.000000 13.000000 1515.000000 1.000000

	*medicallab2m44	-15	-30	-15		15	30	15
	-node_tm
	0.017452 0.000000 0.999848 0.000000
	0.000000 1.000000 0.000000 0.000000
	-0.999848 0.000000 0.017452 0.000000
	-1002.000000 -14.000000 1978.000000 1.000000

	*medicallab2m46	-30	-30	-30		30	30	30
	-node_tm
	0.017452 0.000000 0.999848 0.000000
	0.000000 1.000000 0.000000 0.000000
	-0.999848 0.000000 0.017452 0.000000
	-915.000000 -7.000000 1979.000000 1.000000

	*medicallab2m103	-30	-30	-30		30	30	30
	-node_tm
	0.017452 0.000000 0.999848 0.000000
	0.000000 1.000000 0.000000 0.000000
	-0.999848 0.000000 0.017452 0.000000
	-1466.000000 -31.000000 1752.000000 1.000000

	*medicallab2m35	-30	-30	-30		30	30	30
	-node_tm
	0.017452 0.000000 0.999848 0.000000
	0.000000 1.000000 0.000000 0.000000
	-0.999848 0.000000 0.017452 0.000000
	-1639.000000 -39.000000 1520.000000 1.000000

	*medicallab2m104	-45	-30	-45		45	30	45
	-node_tm
	0.017452 0.000000 0.999848 0.000000
	0.000000 1.000000 0.000000 0.000000
	-0.999848 0.000000 0.017452 0.000000
	-2090.000000 -10.000000 1542.000000 1.000000

	*medicallab2m80	-45	-30	-45		45	30	45
	-node_tm
	1.000000 0.000000 -0.000000 0.000000
	0.000000 1.000000 0.000000 0.000000
	0.000000 0.000000 1.000000 0.000000
	-2510.000000 -37.000000 1950.000000 1.000000

