script_begin


[HelperObjectBegin]

	*dpgoto_mountain_beast	-200	-99	-400		200	99	400
	-node_tm
	0.984808 0.000000 0.173648 0.000000
	0.000000 1.000000 0.000000 0.000000
	-0.173648 0.000000 0.984808 0.000000
	-7143.000000 44.000000 -4449.000000 1.000000

	*dpfrom_mountain_beast	-100	-50	-100		100	50	100
	-node_tm
	1.000000 0.000000 -0.000000 0.000000
	0.000000 1.000000 0.000000 0.000000
	0.000000 0.000000 1.000000 0.000000
	-6764.000000 47.000000 -4434.000000 1.000000

	*dpgoto_dungeon03	-400	-80	-400		400	80	400
	-node_tm
	1.000000 0.000000 -0.000000 0.000000
	0.000000 1.000000 0.000000 0.000000
	0.000000 0.000000 1.000000 0.000000
	6087.000000 555.000000 3527.000000 1.000000

	*dpfrom_dungeon03	-50	-50	-50		50	50	50
	-node_tm
	1.000000 0.000000 -0.000000 0.000000
	0.000000 1.000000 0.000000 0.000000
	0.000000 0.000000 1.000000 0.000000
	6379.000000 536.000000 3536.000000 1.000000

	*dpfrom_Cora	-50	-50	-50		50	50	50
	-node_tm
	1.000000 0.000000 -0.000000 0.000000
	0.000000 1.000000 0.000000 0.000000
	0.000000 0.000000 1.000000 0.000000
	5467.000000 630.000000 3404.000000 1.000000

	*dmm02_0	-15	-150	-15		15	150	15
	-node_tm
	0.052336 0.000000 0.998630 0.000000
	0.000000 1.000000 0.000000 0.000000
	-0.998630 0.000000 0.052336 0.000000
	-7946.000000 56.000000 959.000000 1.000000

	*dmm02_1	-15	-150	-15		15	150	15
	-node_tm
	0.052336 0.000000 0.998630 0.000000
	0.000000 1.000000 0.000000 0.000000
	-0.998630 0.000000 0.052336 0.000000
	-7913.000000 33.000000 998.000000 1.000000

	*dmm02_2	-15	-150	-15		15	150	15
	-node_tm
	0.052336 0.000000 0.998630 0.000000
	0.000000 1.000000 0.000000 0.000000
	-0.998630 0.000000 0.052336 0.000000
	-7924.000000 59.000000 965.000000 1.000000

	*dmm02_3	-15	-150	-15		15	150	15
	-node_tm
	0.052336 0.000000 0.998630 0.000000
	0.000000 1.000000 0.000000 0.000000
	-0.998630 0.000000 0.052336 0.000000
	-7978.000000 61.000000 962.000000 1.000000

	*dmm02_4	-15	-150	-15		15	150	15
	-node_tm
	0.052336 0.000000 0.998630 0.000000
	0.000000 1.000000 0.000000 0.000000
	-0.998630 0.000000 0.052336 0.000000
	-7921.000000 47.000000 1023.000000 1.000000

	*dmm02_5	-15	-150	-15		15	150	15
	-node_tm
	0.052336 0.000000 0.998630 0.000000
	0.000000 1.000000 0.000000 0.000000
	-0.998630 0.000000 0.052336 0.000000
	-7954.000000 61.000000 1031.000000 1.000000

	*dmm02_6	-15	-150	-15		15	150	15
	-node_tm
	0.052336 0.000000 0.998630 0.000000
	0.000000 1.000000 0.000000 0.000000
	-0.998630 0.000000 0.052336 0.000000
	-8009.000000 61.000000 969.000000 1.000000

	*dmm02_7	-15	-150	-15		15	150	15
	-node_tm
	0.052336 0.000000 0.998630 0.000000
	0.000000 1.000000 0.000000 0.000000
	-0.998630 0.000000 0.052336 0.000000
	-8000.000000 61.000000 997.000000 1.000000

	*dmm02_8	-15	-150	-15		15	150	15
	-node_tm
	0.052336 0.000000 0.998630 0.000000
	0.000000 1.000000 0.000000 0.000000
	-0.998630 0.000000 0.052336 0.000000
	-7982.000000 61.000000 1029.000000 1.000000

	*dmm03_0	-15	-150	-15		15	150	15
	-node_tm
	-0.275637 0.000000 -0.961262 0.000000
	0.000000 1.000000 0.000000 0.000000
	0.961262 0.000000 -0.275637 0.000000
	-7497.000000 4.000000 505.000000 1.000000

	*dmm03_1	-15	-150	-15		15	150	15
	-node_tm
	-0.275637 0.000000 -0.961262 0.000000
	0.000000 1.000000 0.000000 0.000000
	0.961262 0.000000 -0.275637 0.000000
	-7522.000000 12.000000 467.000000 1.000000

	*dmm03_2	-15	-150	-15		15	150	15
	-node_tm
	-0.275637 0.000000 -0.961262 0.000000
	0.000000 1.000000 0.000000 0.000000
	0.961262 0.000000 -0.275637 0.000000
	-7519.000000 4.000000 430.000000 1.000000

	*dmm03_3	-15	-150	-15		15	150	15
	-node_tm
	-0.275637 0.000000 -0.961262 0.000000
	0.000000 1.000000 0.000000 0.000000
	0.961262 0.000000 -0.275637 0.000000
	-7453.000000 4.000000 501.000000 1.000000

	*dmm03_4	-15	-150	-15		15	150	15
	-node_tm
	-0.275637 0.000000 -0.961262 0.000000
	0.000000 1.000000 0.000000 0.000000
	0.961262 0.000000 -0.275637 0.000000
	-7464.000000 -22.000000 413.000000 1.000000

	*dmm03_5	-15	-150	-15		15	150	15
	-node_tm
	-0.275637 0.000000 -0.961262 0.000000
	0.000000 1.000000 0.000000 0.000000
	0.961262 0.000000 -0.275637 0.000000
	-7488.000000 16.000000 417.000000 1.000000

	*dmm03_6	-15	-150	-15		15	150	15
	-node_tm
	-0.275637 0.000000 -0.961262 0.000000
	0.000000 1.000000 0.000000 0.000000
	0.961262 0.000000 -0.275637 0.000000
	-7416.000000 -20.000000 478.000000 1.000000

	*dmm03_7	-15	-150	-15		15	150	15
	-node_tm
	-0.275637 0.000000 -0.961262 0.000000
	0.000000 1.000000 0.000000 0.000000
	0.961262 0.000000 -0.275637 0.000000
	-7412.000000 -25.000000 440.000000 1.000000

	*dmm03_8	-15	-150	-15		15	150	15
	-node_tm
	-0.275637 0.000000 -0.961262 0.000000
	0.000000 1.000000 0.000000 0.000000
	0.961262 0.000000 -0.275637 0.000000
	-7434.000000 2.000000 418.000000 1.000000

	*dmm01_0	-15	-80	-15		15	80	15
	-node_tm
	-0.358368 0.000000 0.933580 0.000000
	0.000000 1.000000 0.000000 0.000000
	-0.933580 0.000000 -0.358368 0.000000
	-7894.000000 78.000000 134.000000 1.000000

	*dmm01_1	-15	-80	-15		15	80	15
	-node_tm
	-0.358368 0.000000 0.933580 0.000000
	0.000000 1.000000 0.000000 0.000000
	-0.933580 0.000000 -0.358368 0.000000
	-7886.000000 89.000000 99.000000 1.000000

	*dmm01_2	-15	-80	-15		15	80	15
	-node_tm
	-0.358368 0.000000 0.933580 0.000000
	0.000000 1.000000 0.000000 0.000000
	-0.933580 0.000000 -0.358368 0.000000
	-7935.000000 68.000000 190.000000 1.000000

	*dmm01_3	-15	-80	-15		15	80	15
	-node_tm
	-0.358368 0.000000 0.933580 0.000000
	0.000000 1.000000 0.000000 0.000000
	-0.933580 0.000000 -0.358368 0.000000
	-7906.000000 71.000000 172.000000 1.000000

	*dmm01_4	-15	-80	-15		15	80	15
	-node_tm
	-0.358368 0.000000 0.933580 0.000000
	0.000000 1.000000 0.000000 0.000000
	-0.933580 0.000000 -0.358368 0.000000
	-7910.000000 89.000000 83.000000 1.000000

	*dmm01_5	-15	-80	-15		15	80	15
	-node_tm
	-0.358368 0.000000 0.933580 0.000000
	0.000000 1.000000 0.000000 0.000000
	-0.933580 0.000000 -0.358368 0.000000
	-7940.000000 101.000000 76.000000 1.000000

	*dmm01_6	-15	-80	-15		15	80	15
	-node_tm
	-0.358368 0.000000 0.933580 0.000000
	0.000000 1.000000 0.000000 0.000000
	-0.933580 0.000000 -0.358368 0.000000
	-7950.000000 89.000000 92.000000 1.000000

	*dmm01_7	-15	-80	-15		15	80	15
	-node_tm
	-0.358368 0.000000 0.933580 0.000000
	0.000000 1.000000 0.000000 0.000000
	-0.933580 0.000000 -0.358368 0.000000
	-7957.000000 72.000000 115.000000 1.000000

	*dmm01_8	-15	-80	-15		15	80	15
	-node_tm
	-0.358368 0.000000 0.933580 0.000000
	0.000000 1.000000 0.000000 0.000000
	-0.933580 0.000000 -0.358368 0.000000
	-7972.000000 156.000000 139.000000 1.000000

	*dmm01_9	-15	-80	-15		15	80	15
	-node_tm
	-0.358368 0.000000 0.933580 0.000000
	0.000000 1.000000 0.000000 0.000000
	-0.933580 0.000000 -0.358368 0.000000
	-7977.000000 150.000000 152.000000 1.000000

	*dmm01_10	-15	-80	-15		15	80	15
	-node_tm
	-0.358368 0.000000 0.933580 0.000000
	0.000000 1.000000 0.000000 0.000000
	-0.933580 0.000000 -0.358368 0.000000
	-7916.000000 89.000000 197.000000 1.000000

	*dmm01_11	-15	-80	-15		15	80	15
	-node_tm
	-0.358368 0.000000 0.933580 0.000000
	0.000000 1.000000 0.000000 0.000000
	-0.933580 0.000000 -0.358368 0.000000
	-7939.000000 89.000000 185.000000 1.000000

	*dmm01_12	-15	-80	-15		15	80	15
	-node_tm
	-0.358368 0.000000 0.933580 0.000000
	0.000000 1.000000 0.000000 0.000000
	-0.933580 0.000000 -0.358368 0.000000
	-7978.000000 141.000000 172.000000 1.000000

	*dmm01_13	-15	-80	-15		15	80	15
	-node_tm
	-0.358368 0.000000 0.933580 0.000000
	0.000000 1.000000 0.000000 0.000000
	-0.933580 0.000000 -0.358368 0.000000
	-7964.000000 132.000000 180.000000 1.000000

	*dmm01_14	-15	-80	-15		15	80	15
	-node_tm
	-0.358368 0.000000 0.933580 0.000000
	0.000000 1.000000 0.000000 0.000000
	-0.933580 0.000000 -0.358368 0.000000
	-8167.000000 116.000000 192.000000 1.000000

	*dmm01_15	-15	-80	-15		15	80	15
	-node_tm
	-0.358368 0.000000 0.933580 0.000000
	0.000000 1.000000 0.000000 0.000000
	-0.933580 0.000000 -0.358368 0.000000
	-7977.000000 117.000000 147.000000 1.000000

	*dmm09_0	-30	-150	-30		30	150	30
	-node_tm
	-0.207912 0.000000 -0.978148 0.000000
	0.000000 1.000000 0.000000 0.000000
	0.978148 0.000000 -0.207912 0.000000
	-3989.000000 8.000000 7967.000000 1.000000

	*dmm09_1	-30	-150	-30		30	150	30
	-node_tm
	-0.207912 0.000000 -0.978148 0.000000
	0.000000 1.000000 0.000000 0.000000
	0.978148 0.000000 -0.207912 0.000000
	-4240.000000 8.000000 7856.000000 1.000000

	*dmm09_2	-30	-150	-30		30	150	30
	-node_tm
	-0.121869 0.000000 -0.992546 0.000000
	0.000000 1.000000 0.000000 0.000000
	0.992546 0.000000 -0.121869 0.000000
	-4311.000000 20.000000 7799.000000 1.000000

	*dmm09_3	-30	-150	-30		30	150	30
	-node_tm
	-0.207912 0.000000 -0.978148 0.000000
	0.000000 1.000000 0.000000 0.000000
	0.978148 0.000000 -0.207912 0.000000
	-4035.000000 8.000000 7806.000000 1.000000

	*dmm09_4	-30	-150	-30		30	150	30
	-node_tm
	-0.207912 0.000000 -0.978148 0.000000
	0.000000 1.000000 0.000000 0.000000
	0.978148 0.000000 -0.207912 0.000000
	-4190.000000 8.000000 7777.000000 1.000000

	*dmm09_5	-30	-150	-30		30	150	30
	-node_tm
	-0.207912 0.000000 -0.978148 0.000000
	0.000000 1.000000 0.000000 0.000000
	0.978148 0.000000 -0.207912 0.000000
	-4001.000000 17.000000 7471.000000 1.000000

	*dmm09_6	-30	-150	-30		30	150	30
	-node_tm
	-0.207912 0.000000 -0.978148 0.000000
	0.000000 1.000000 0.000000 0.000000
	0.978148 0.000000 -0.207912 0.000000
	-4077.000000 8.000000 8029.000000 1.000000

	*dmm09_7	-30	-150	-30		30	150	30
	-node_tm
	-0.207912 0.000000 -0.978148 0.000000
	0.000000 1.000000 0.000000 0.000000
	0.978148 0.000000 -0.207912 0.000000
	-3752.000000 8.000000 7494.000000 1.000000

	*dmm09_8	-30	-150	-30		30	150	30
	-node_tm
	-0.207912 0.000000 -0.978148 0.000000
	0.000000 1.000000 0.000000 0.000000
	0.978148 0.000000 -0.207912 0.000000
	-4266.000000 8.000000 7727.000000 1.000000

	*dmm10_0	-30	-80	-30		30	80	30
	-node_tm
	-0.642788 0.000000 -0.766044 0.000000
	0.000000 1.000000 0.000000 0.000000
	0.766044 0.000000 -0.642788 0.000000
	-3887.000000 38.000000 7597.000000 1.000000

	*dmm13_0	-30	-150	-30		30	150	30
	-node_tm
	-0.866025 0.000000 0.500000 0.000000
	0.000000 1.000000 0.000000 0.000000
	-0.500000 0.000000 -0.866025 0.000000
	-2601.000000 322.000000 6894.000000 1.000000

	*dmm13_1	-30	-150	-30		30	150	30
	-node_tm
	-0.866025 0.000000 0.500000 0.000000
	0.000000 1.000000 0.000000 0.000000
	-0.500000 0.000000 -0.866025 0.000000
	-2702.000000 297.000000 6813.000000 1.000000

	*dmm13_2	-30	-150	-30		30	150	30
	-node_tm
	-0.866025 0.000000 0.500000 0.000000
	0.000000 1.000000 0.000000 0.000000
	-0.500000 0.000000 -0.866025 0.000000
	-2722.000000 262.000000 6647.000000 1.000000

	*dmm13_3	-30	-150	-30		30	150	30
	-node_tm
	-0.866025 0.000000 0.500000 0.000000
	0.000000 1.000000 0.000000 0.000000
	-0.500000 0.000000 -0.866025 0.000000
	-2712.000000 247.000000 6925.000000 1.000000

	*dmm14_0	-30	-150	-30		30	150	30
	-node_tm
	-0.866025 0.000000 0.500000 0.000000
	0.000000 1.000000 0.000000 0.000000
	-0.500000 0.000000 -0.866025 0.000000
	-2807.000000 191.000000 6698.000000 1.000000

	*dmm14_1	-30	-150	-30		30	150	30
	-node_tm
	-0.866025 0.000000 0.500000 0.000000
	0.000000 1.000000 0.000000 0.000000
	-0.500000 0.000000 -0.866025 0.000000
	-2897.000000 158.000000 6675.000000 1.000000

	*dmm14_2	-30	-150	-30		30	150	30
	-node_tm
	-0.866025 0.000000 0.500000 0.000000
	0.000000 1.000000 0.000000 0.000000
	-0.500000 0.000000 -0.866025 0.000000
	-2739.000000 201.000000 6490.000000 1.000000

	*dmm14_3	-30	-150	-30		30	150	30
	-node_tm
	-0.866025 0.000000 0.500000 0.000000
	0.000000 1.000000 0.000000 0.000000
	-0.500000 0.000000 -0.866025 0.000000
	-2908.000000 160.000000 6539.000000 1.000000

	*dmm14_4	-30	-150	-30		30	150	30
	-node_tm
	-0.866025 0.000000 0.500000 0.000000
	0.000000 1.000000 0.000000 0.000000
	-0.500000 0.000000 -0.866025 0.000000
	-2926.000000 131.000000 6427.000000 1.000000

	*dmm14_5	-30	-150	-30		30	150	30
	-node_tm
	-0.866025 0.000000 0.500000 0.000000
	0.000000 1.000000 0.000000 0.000000
	-0.500000 0.000000 -0.866025 0.000000
	-3001.000000 145.000000 6474.000000 1.000000

	*dmm17_0	-40	-150	-40		40	150	40
	-node_tm
	-0.866025 0.000000 0.500000 0.000000
	0.000000 1.000000 0.000000 0.000000
	-0.500000 0.000000 -0.866025 0.000000
	-3407.000000 192.000000 -4749.000000 1.000000

	*dmm17_1	-40	-150	-40		40	150	40
	-node_tm
	-0.866025 0.000000 0.500000 0.000000
	0.000000 1.000000 0.000000 0.000000
	-0.500000 0.000000 -0.866025 0.000000
	-3173.000000 192.000000 -4545.000000 1.000000

	*dmm17_2	-40	-150	-40		40	150	40
	-node_tm
	-0.866025 0.000000 0.500000 0.000000
	0.000000 1.000000 0.000000 0.000000
	-0.500000 0.000000 -0.866025 0.000000
	-3312.000000 192.000000 -5015.000000 1.000000

	*dmm17_3	-40	-150	-40		40	150	40
	-node_tm
	-0.866025 0.000000 0.500000 0.000000
	0.000000 1.000000 0.000000 0.000000
	-0.500000 0.000000 -0.866025 0.000000
	-3848.000000 192.000000 -4820.000000 1.000000

	*dmm18_0	-40	-150	-40		40	150	40
	-node_tm
	-0.866025 0.000000 0.500000 0.000000
	0.000000 1.000000 0.000000 0.000000
	-0.500000 0.000000 -0.866025 0.000000
	-2384.000000 189.000000 -4505.000000 1.000000

	*dmm18_1	-40	-150	-40		40	150	40
	-node_tm
	-0.866025 0.000000 0.500000 0.000000
	0.000000 1.000000 0.000000 0.000000
	-0.500000 0.000000 -0.866025 0.000000
	-2647.000000 162.000000 -4340.000000 1.000000

	*dmm18_2	-40	-150	-40		40	150	40
	-node_tm
	-0.866025 0.000000 0.500000 0.000000
	0.000000 1.000000 0.000000 0.000000
	-0.500000 0.000000 -0.866025 0.000000
	-2335.000000 309.000000 -4822.000000 1.000000

	*dmm18_3	-40	-150	-40		40	150	40
	-node_tm
	-0.866025 0.000000 0.500000 0.000000
	0.000000 1.000000 0.000000 0.000000
	-0.500000 0.000000 -0.866025 0.000000
	-2644.000000 279.000000 -4866.000000 1.000000

	*dmm21_0	-20	-80	-20		20	80	20
	-node_tm
	-0.996195 0.000000 -0.087156 0.000000
	0.000000 1.000000 0.000000 0.000000
	0.087156 0.000000 -0.996195 0.000000
	-2412.000000 235.000000 -6079.000000 1.000000

	*dmm25_0	-20	-180	-20		20	180	20
	-node_tm
	0.615662 0.000000 0.788011 0.000000
	0.000000 1.000000 0.000000 0.000000
	-0.788011 0.000000 0.615662 0.000000
	-277.000000 356.000000 -5425.000000 1.000000

	*dmm30_0	-20	-150	-20		20	150	20
	-node_tm
	-0.945519 0.000000 -0.325568 0.000000
	0.000000 1.000000 0.000000 0.000000
	0.325568 0.000000 -0.945519 0.000000
	484.000000 323.000000 -6177.000000 1.000000

	*dmm31_0	-30	-150	-30		30	150	30
	-node_tm
	-0.694658 0.000000 -0.719340 0.000000
	0.000000 1.000000 0.000000 0.000000
	0.719340 0.000000 -0.694658 0.000000
	1760.000000 194.000000 -5871.000000 1.000000

	*dmm31_1	-30	-150	-30		30	150	30
	-node_tm
	-0.694658 0.000000 -0.719340 0.000000
	0.000000 1.000000 0.000000 0.000000
	0.719340 0.000000 -0.694658 0.000000
	2248.000000 229.000000 -6273.000000 1.000000

	*dmm31_2	-30	-150	-30		30	150	30
	-node_tm
	-0.694658 0.000000 -0.719340 0.000000
	0.000000 1.000000 0.000000 0.000000
	0.719340 0.000000 -0.694658 0.000000
	1585.000000 229.000000 -6072.000000 1.000000

	*dmm31_3	-30	-150	-30		30	150	30
	-node_tm
	-0.694658 0.000000 -0.719340 0.000000
	0.000000 1.000000 0.000000 0.000000
	0.719340 0.000000 -0.694658 0.000000
	1383.000000 356.000000 -6233.000000 1.000000

	*dmm31_4	-30	-150	-30		30	150	30
	-node_tm
	-0.694658 0.000000 -0.719340 0.000000
	0.000000 1.000000 0.000000 0.000000
	0.719340 0.000000 -0.694658 0.000000
	2046.000000 257.000000 -5929.000000 1.000000

	*dmm31_5	-30	-150	-30		30	150	30
	-node_tm
	-0.694658 0.000000 -0.719340 0.000000
	0.000000 1.000000 0.000000 0.000000
	0.719340 0.000000 -0.694658 0.000000
	2689.000000 229.000000 -6088.000000 1.000000

	*dmm31_6	-30	-150	-30		30	150	30
	-node_tm
	-0.694658 0.000000 -0.719340 0.000000
	0.000000 1.000000 0.000000 0.000000
	0.719340 0.000000 -0.694658 0.000000
	1966.000000 229.000000 -6451.000000 1.000000

	*dmm31_7	-30	-150	-30		30	150	30
	-node_tm
	-0.694658 0.000000 -0.719340 0.000000
	0.000000 1.000000 0.000000 0.000000
	0.719340 0.000000 -0.694658 0.000000
	1240.000000 319.000000 -6403.000000 1.000000

	*dmm31_8	-30	-150	-30		30	150	30
	-node_tm
	-0.694658 0.000000 -0.719340 0.000000
	0.000000 1.000000 0.000000 0.000000
	0.719340 0.000000 -0.694658 0.000000
	2384.000000 194.000000 -6059.000000 1.000000

	*dmm31_9	-30	-150	-30		30	150	30
	-node_tm
	-0.694658 0.000000 -0.719340 0.000000
	0.000000 1.000000 0.000000 0.000000
	0.719340 0.000000 -0.694658 0.000000
	2782.000000 229.000000 -6237.000000 1.000000

	*dmm31_10	-30	-150	-30		30	150	30
	-node_tm
	-0.694658 0.000000 -0.719340 0.000000
	0.000000 1.000000 0.000000 0.000000
	0.719340 0.000000 -0.694658 0.000000
	1528.000000 229.000000 -6475.000000 1.000000

	*dmm31_11	-30	-150	-30		30	150	30
	-node_tm
	-0.694658 0.000000 -0.719340 0.000000
	0.000000 1.000000 0.000000 0.000000
	0.719340 0.000000 -0.694658 0.000000
	1771.000000 274.000000 -6278.000000 1.000000

	*dmm33_0	-30	-150	-30		30	150	30
	-node_tm
	0.422618 0.000000 -0.906308 0.000000
	0.000000 1.000000 0.000000 0.000000
	0.906308 0.000000 0.422618 0.000000
	2082.000000 276.000000 -7368.000000 1.000000

	*dmm33_1	-30	-150	-30		30	150	30
	-node_tm
	0.422618 0.000000 -0.906308 0.000000
	0.000000 1.000000 0.000000 0.000000
	0.906308 0.000000 0.422618 0.000000
	2043.000000 276.000000 -7686.000000 1.000000

	*dmm33_2	-30	-150	-30		30	150	30
	-node_tm
	0.422618 0.000000 -0.906308 0.000000
	0.000000 1.000000 0.000000 0.000000
	0.906308 0.000000 0.422618 0.000000
	2395.000000 288.000000 -7558.000000 1.000000

	*dmm33_3	-30	-150	-30		30	150	30
	-node_tm
	0.422618 0.000000 -0.906308 0.000000
	0.000000 1.000000 0.000000 0.000000
	0.906308 0.000000 0.422618 0.000000
	2378.000000 276.000000 -7248.000000 1.000000

	*dmm33_4	-30	-150	-30		30	150	30
	-node_tm
	0.422618 0.000000 -0.906308 0.000000
	0.000000 1.000000 0.000000 0.000000
	0.906308 0.000000 0.422618 0.000000
	2603.000000 276.000000 -7371.000000 1.000000

	*dmm33_5	-30	-150	-30		30	150	30
	-node_tm
	0.422618 0.000000 -0.906308 0.000000
	0.000000 1.000000 0.000000 0.000000
	0.906308 0.000000 0.422618 0.000000
	2682.000000 281.000000 -7726.000000 1.000000

	*dmm33_6	-30	-150	-30		30	150	30
	-node_tm
	0.422618 0.000000 -0.906308 0.000000
	0.000000 1.000000 0.000000 0.000000
	0.906308 0.000000 0.422618 0.000000
	2765.000000 276.000000 -7138.000000 1.000000

	*dmm33_7	-30	-150	-30		30	150	30
	-node_tm
	0.422618 0.000000 -0.906308 0.000000
	0.000000 1.000000 0.000000 0.000000
	0.906308 0.000000 0.422618 0.000000
	3221.000000 276.000000 -7302.000000 1.000000

	*dmm33_8	-30	-150	-30		30	150	30
	-node_tm
	0.422618 0.000000 -0.906308 0.000000
	0.000000 1.000000 0.000000 0.000000
	0.906308 0.000000 0.422618 0.000000
	3194.000000 284.000000 -7634.000000 1.000000

	*dmm32_0	-40	-150	-40		40	150	40
	-node_tm
	0.866025 0.000000 -0.500000 0.000000
	0.000000 1.000000 0.000000 0.000000
	0.500000 0.000000 0.866025 0.000000
	1807.000000 281.000000 -6949.000000 1.000000

	*dmm32_1	-40	-150	-40		40	150	40
	-node_tm
	0.866025 0.000000 -0.500000 0.000000
	0.000000 1.000000 0.000000 0.000000
	0.500000 0.000000 0.866025 0.000000
	2020.000000 281.000000 -7124.000000 1.000000

	*dmm32_2	-40	-150	-40		40	150	40
	-node_tm
	0.866025 0.000000 -0.500000 0.000000
	0.000000 1.000000 0.000000 0.000000
	0.500000 0.000000 0.866025 0.000000
	2922.000000 281.000000 -6990.000000 1.000000

	*dmm32_3	-40	-150	-40		40	150	40
	-node_tm
	0.866025 0.000000 -0.500000 0.000000
	0.000000 1.000000 0.000000 0.000000
	0.500000 0.000000 0.866025 0.000000
	2076.000000 281.000000 -6857.000000 1.000000

	*dmm32_4	-40	-150	-40		40	150	40
	-node_tm
	0.866025 0.000000 -0.500000 0.000000
	0.000000 1.000000 0.000000 0.000000
	0.500000 0.000000 0.866025 0.000000
	2722.000000 281.000000 -6862.000000 1.000000

	*dmm32_5	-40	-150	-40		40	150	40
	-node_tm
	0.866025 0.000000 -0.500000 0.000000
	0.000000 1.000000 0.000000 0.000000
	0.500000 0.000000 0.866025 0.000000
	2803.000000 281.000000 -6718.000000 1.000000

	*dmm32_6	-40	-150	-40		40	150	40
	-node_tm
	0.866025 0.000000 -0.500000 0.000000
	0.000000 1.000000 0.000000 0.000000
	0.500000 0.000000 0.866025 0.000000
	2350.000000 281.000000 -6884.000000 1.000000

	*dmm32_7	-40	-150	-40		40	150	40
	-node_tm
	0.866025 0.000000 -0.500000 0.000000
	0.000000 1.000000 0.000000 0.000000
	0.500000 0.000000 0.866025 0.000000
	2593.000000 281.000000 -6641.000000 1.000000

	*dmm32_8	-40	-150	-40		40	150	40
	-node_tm
	0.866025 0.000000 -0.500000 0.000000
	0.000000 1.000000 0.000000 0.000000
	0.500000 0.000000 0.866025 0.000000
	2913.000000 281.000000 -6571.000000 1.000000

	*dmm34_0	-30	-150	-30		30	150	30
	-node_tm
	-0.469472 0.000000 -0.882948 0.000000
	0.000000 1.000000 0.000000 0.000000
	0.882948 0.000000 -0.469472 0.000000
	2996.000000 267.000000 -7411.000000 1.000000

	*dmm35_0	-30	-150	-30		30	150	30
	-node_tm
	0.422618 0.000000 -0.906308 0.000000
	0.000000 1.000000 0.000000 0.000000
	0.906308 0.000000 0.422618 0.000000
	4688.000000 180.000000 -3187.000000 1.000000

	*dmm35_1	-30	-150	-30		30	150	30
	-node_tm
	0.422618 0.000000 -0.906308 0.000000
	0.000000 1.000000 0.000000 0.000000
	0.906308 0.000000 0.422618 0.000000
	4834.000000 162.000000 -3396.000000 1.000000

	*dmm35_2	-30	-150	-30		30	150	30
	-node_tm
	0.422618 0.000000 -0.906308 0.000000
	0.000000 1.000000 0.000000 0.000000
	0.906308 0.000000 0.422618 0.000000
	5281.000000 122.000000 -3256.000000 1.000000

	*dmm35_3	-30	-150	-30		30	150	30
	-node_tm
	0.422618 0.000000 -0.906308 0.000000
	0.000000 1.000000 0.000000 0.000000
	0.906308 0.000000 0.422618 0.000000
	5352.000000 175.000000 -2988.000000 1.000000

	*dmm35_4	-30	-150	-30		30	150	30
	-node_tm
	0.422618 0.000000 -0.906308 0.000000
	0.000000 1.000000 0.000000 0.000000
	0.906308 0.000000 0.422618 0.000000
	4883.000000 162.000000 -3208.000000 1.000000

	*dmm35_5	-30	-150	-30		30	150	30
	-node_tm
	0.422618 0.000000 -0.906308 0.000000
	0.000000 1.000000 0.000000 0.000000
	0.906308 0.000000 0.422618 0.000000
	5051.000000 175.000000 -3637.000000 1.000000

	*dmm35_6	-30	-150	-30		30	150	30
	-node_tm
	0.422618 0.000000 -0.906308 0.000000
	0.000000 1.000000 0.000000 0.000000
	0.906308 0.000000 0.422618 0.000000
	5631.000000 151.000000 -3708.000000 1.000000

	*dmm35_7	-30	-150	-30		30	150	30
	-node_tm
	0.422618 0.000000 -0.906308 0.000000
	0.000000 1.000000 0.000000 0.000000
	0.906308 0.000000 0.422618 0.000000
	5502.000000 162.000000 -3537.000000 1.000000

	*dmm35_8	-30	-150	-30		30	150	30
	-node_tm
	0.422618 0.000000 -0.906308 0.000000
	0.000000 1.000000 0.000000 0.000000
	0.906308 0.000000 0.422618 0.000000
	5396.000000 130.000000 -3735.000000 1.000000

	*dmm36_0	-30	-150	-30		30	150	30
	-node_tm
	0.422618 0.000000 -0.906308 0.000000
	0.000000 1.000000 0.000000 0.000000
	0.906308 0.000000 0.422618 0.000000
	4642.000000 15.000000 -2570.000000 1.000000

	*dmm36_1	-30	-150	-30		30	150	30
	-node_tm
	0.422618 0.000000 -0.906308 0.000000
	0.000000 1.000000 0.000000 0.000000
	0.906308 0.000000 0.422618 0.000000
	4750.000000 15.000000 -2702.000000 1.000000

	*dmm36_2	-30	-150	-30		30	150	30
	-node_tm
	0.422618 0.000000 -0.906308 0.000000
	0.000000 1.000000 0.000000 0.000000
	0.906308 0.000000 0.422618 0.000000
	4890.000000 7.000000 -2537.000000 1.000000

	*dmm36_3	-30	-150	-30		30	150	30
	-node_tm
	0.422618 0.000000 -0.906308 0.000000
	0.000000 1.000000 0.000000 0.000000
	0.906308 0.000000 0.422618 0.000000
	4861.000000 15.000000 -2757.000000 1.000000

	*dmm36_4	-30	-150	-30		30	150	30
	-node_tm
	0.422618 0.000000 -0.906308 0.000000
	0.000000 1.000000 0.000000 0.000000
	0.906308 0.000000 0.422618 0.000000
	4904.000000 15.000000 -2018.000000 1.000000

	*dmm36_5	-30	-150	-30		30	150	30
	-node_tm
	0.422618 0.000000 -0.906308 0.000000
	0.000000 1.000000 0.000000 0.000000
	0.906308 0.000000 0.422618 0.000000
	4704.000000 15.000000 -2252.000000 1.000000

	*dmm36_6	-50	-80	-33		50	80	33
	-node_tm
	0.422618 0.000000 -0.906308 0.000000
	0.000000 1.000000 0.000000 0.000000
	0.906308 0.000000 0.422618 0.000000
	5034.000000 15.000000 -2648.000000 1.000000

	*dmm36_7	-30	-150	-30		30	150	30
	-node_tm
	0.422618 0.000000 -0.906308 0.000000
	0.000000 1.000000 0.000000 0.000000
	0.906308 0.000000 0.422618 0.000000
	4995.000000 15.000000 -2272.000000 1.000000

	*dmm36_8	-30	-150	-30		30	150	30
	-node_tm
	0.422618 0.000000 -0.906308 0.000000
	0.000000 1.000000 0.000000 0.000000
	0.906308 0.000000 0.422618 0.000000
	4881.000000 15.000000 -1925.000000 1.000000

	*dmm36_9	-30	-150	-30		30	150	30
	-node_tm
	0.422618 0.000000 -0.906308 0.000000
	0.000000 1.000000 0.000000 0.000000
	0.906308 0.000000 0.422618 0.000000
	4675.000000 15.000000 -2065.000000 1.000000

	*dmm36_10	-30	-150	-30		30	150	30
	-node_tm
	0.422618 0.000000 -0.906308 0.000000
	0.000000 1.000000 0.000000 0.000000
	0.906308 0.000000 0.422618 0.000000
	4589.000000 15.000000 -2116.000000 1.000000

	*dmm36_11	-30	-150	-30		30	150	30
	-node_tm
	0.422618 0.000000 -0.906308 0.000000
	0.000000 1.000000 0.000000 0.000000
	0.906308 0.000000 0.422618 0.000000
	5199.000000 15.000000 -2478.000000 1.000000

	*dmm37_0	-30	-150	-30		30	150	30
	-node_tm
	0.325568 0.000000 0.945519 0.000000
	0.000000 1.000000 0.000000 0.000000
	-0.945519 0.000000 0.325568 0.000000
	6741.000000 16.000000 -3504.000000 1.000000

	*dmm37_1	-30	-150	-30		30	150	30
	-node_tm
	0.325568 0.000000 0.945519 0.000000
	0.000000 1.000000 0.000000 0.000000
	-0.945519 0.000000 0.325568 0.000000
	6412.000000 16.000000 -3460.000000 1.000000

	*dmm37_2	-30	-150	-30		30	150	30
	-node_tm
	0.325568 0.000000 0.945519 0.000000
	0.000000 1.000000 0.000000 0.000000
	-0.945519 0.000000 0.325568 0.000000
	6945.000000 16.000000 -2990.000000 1.000000

	*dmm37_3	-30	-150	-30		30	150	30
	-node_tm
	0.325568 0.000000 0.945519 0.000000
	0.000000 1.000000 0.000000 0.000000
	-0.945519 0.000000 0.325568 0.000000
	7106.000000 16.000000 -2813.000000 1.000000

	*dmm37_4	-30	-150	-30		30	150	30
	-node_tm
	0.325568 0.000000 0.945519 0.000000
	0.000000 1.000000 0.000000 0.000000
	-0.945519 0.000000 0.325568 0.000000
	5961.000000 16.000000 -3489.000000 1.000000

	*dmm37_5	-30	-150	-30		30	150	30
	-node_tm
	0.325568 0.000000 0.945519 0.000000
	0.000000 1.000000 0.000000 0.000000
	-0.945519 0.000000 0.325568 0.000000
	6184.000000 16.000000 -2755.000000 1.000000

	*dmm37_6	-30	-150	-30		30	150	30
	-node_tm
	0.325568 0.000000 0.945519 0.000000
	0.000000 1.000000 0.000000 0.000000
	-0.945519 0.000000 0.325568 0.000000
	7094.000000 16.000000 -2554.000000 1.000000

	*dmm37_7	-30	-150	-30		30	150	30
	-node_tm
	0.325568 0.000000 0.945519 0.000000
	0.000000 1.000000 0.000000 0.000000
	-0.945519 0.000000 0.325568 0.000000
	6893.000000 16.000000 -2709.000000 1.000000

	*dmm37_8	-30	-150	-30		30	150	30
	-node_tm
	0.325568 0.000000 0.945519 0.000000
	0.000000 1.000000 0.000000 0.000000
	-0.945519 0.000000 0.325568 0.000000
	6060.000000 16.000000 -2953.000000 1.000000

	*dmm37_9	-30	-150	-30		30	150	30
	-node_tm
	0.325568 0.000000 0.945519 0.000000
	0.000000 1.000000 0.000000 0.000000
	-0.945519 0.000000 0.325568 0.000000
	6603.000000 16.000000 -3216.000000 1.000000

	*dmm37_10	-30	-150	-30		30	150	30
	-node_tm
	0.325568 0.000000 0.945519 0.000000
	0.000000 1.000000 0.000000 0.000000
	-0.945519 0.000000 0.325568 0.000000
	6562.000000 16.000000 -2810.000000 1.000000

	*dmm37_11	-30	-150	-30		30	150	30
	-node_tm
	0.325568 0.000000 0.945519 0.000000
	0.000000 1.000000 0.000000 0.000000
	-0.945519 0.000000 0.325568 0.000000
	6684.000000 16.000000 -3092.000000 1.000000

	*dmm37_12	-30	-150	-30		30	150	30
	-node_tm
	0.325568 0.000000 0.945519 0.000000
	0.000000 1.000000 0.000000 0.000000
	-0.945519 0.000000 0.325568 0.000000
	6049.000000 16.000000 -3107.000000 1.000000

	*dmm37_13	-30	-150	-30		30	150	30
	-node_tm
	0.325568 0.000000 0.945519 0.000000
	0.000000 1.000000 0.000000 0.000000
	-0.945519 0.000000 0.325568 0.000000
	5758.000000 16.000000 -3376.000000 1.000000

	*dmm37_14	-30	-150	-30		30	150	30
	-node_tm
	0.325568 0.000000 0.945519 0.000000
	0.000000 1.000000 0.000000 0.000000
	-0.945519 0.000000 0.325568 0.000000
	5925.000000 16.000000 -3008.000000 1.000000

	*dmm37_15	-30	-150	-30		30	150	30
	-node_tm
	0.325568 0.000000 0.945519 0.000000
	0.000000 1.000000 0.000000 0.000000
	-0.945519 0.000000 0.325568 0.000000
	5919.000000 16.000000 -2678.000000 1.000000

	*dmm38_0	-20	-150	-20		20	150	20
	-node_tm
	-0.173648 0.000000 -0.984808 0.000000
	0.000000 1.000000 0.000000 0.000000
	0.984808 0.000000 -0.173648 0.000000
	5850.000000 17.000000 -2160.000000 1.000000

	*dmm42_0	-20	-80	-20		20	80	20
	-node_tm
	0.743145 0.000000 0.669131 0.000000
	0.000000 1.000000 0.000000 0.000000
	-0.669131 0.000000 0.743145 0.000000
	5107.000000 34.000000 -1473.000000 1.000000

	*dmm41_0	-30	-150	-30		30	150	30
	-node_tm
	0.422618 0.000000 -0.906308 0.000000
	0.000000 1.000000 0.000000 0.000000
	0.906308 0.000000 0.422618 0.000000
	4966.000000 -1.000000 -1543.000000 1.000000

	*dmm41_1	-30	-150	-30		30	150	30
	-node_tm
	0.422618 0.000000 -0.906308 0.000000
	0.000000 1.000000 0.000000 0.000000
	0.906308 0.000000 0.422618 0.000000
	5155.000000 -1.000000 -1818.000000 1.000000

	*dmm41_2	-30	-150	-30		30	150	30
	-node_tm
	0.422618 0.000000 -0.906308 0.000000
	0.000000 1.000000 0.000000 0.000000
	0.906308 0.000000 0.422618 0.000000
	5161.000000 -1.000000 -2072.000000 1.000000

	*dmm41_3	-30	-150	-30		30	150	30
	-node_tm
	0.422618 0.000000 -0.906308 0.000000
	0.000000 1.000000 0.000000 0.000000
	0.906308 0.000000 0.422618 0.000000
	5213.000000 -1.000000 -1357.000000 1.000000

	*dmm41_4	-30	-150	-30		30	150	30
	-node_tm
	0.422618 0.000000 -0.906308 0.000000
	0.000000 1.000000 0.000000 0.000000
	0.906308 0.000000 0.422618 0.000000
	5042.000000 -1.000000 -1653.000000 1.000000

	*dmm41_5	-30	-150	-30		30	150	30
	-node_tm
	0.422618 0.000000 -0.906308 0.000000
	0.000000 1.000000 0.000000 0.000000
	0.906308 0.000000 0.422618 0.000000
	5297.000000 -1.000000 -1879.000000 1.000000

	*dmm41_6	-30	-150	-30		30	150	30
	-node_tm
	0.422618 0.000000 -0.906308 0.000000
	0.000000 1.000000 0.000000 0.000000
	0.906308 0.000000 0.422618 0.000000
	5310.000000 -1.000000 -1474.000000 1.000000

	*dmm41_7	-30	-150	-30		30	150	30
	-node_tm
	0.422618 0.000000 -0.906308 0.000000
	0.000000 1.000000 0.000000 0.000000
	0.906308 0.000000 0.422618 0.000000
	5358.000000 -1.000000 -1688.000000 1.000000

	*dmm41_8	-30	-150	-30		30	150	30
	-node_tm
	0.422618 0.000000 -0.906308 0.000000
	0.000000 1.000000 0.000000 0.000000
	0.906308 0.000000 0.422618 0.000000
	5256.000000 -1.000000 -2062.000000 1.000000

	*dmm40_0	-40	-150	-37		40	150	37
	-node_tm
	0.615662 0.000000 -0.788011 0.000000
	0.000000 1.000000 0.000000 0.000000
	0.788011 0.000000 0.615662 0.000000
	5576.000000 7.000000 -1126.000000 1.000000

	*dmm40_1	-40	-150	-37		40	150	37
	-node_tm
	0.615662 0.000000 -0.788011 0.000000
	0.000000 1.000000 0.000000 0.000000
	0.788011 0.000000 0.615662 0.000000
	6241.000000 7.000000 -1090.000000 1.000000

	*dmm40_2	-40	-150	-37		40	150	37
	-node_tm
	0.615662 0.000000 -0.788011 0.000000
	0.000000 1.000000 0.000000 0.000000
	0.788011 0.000000 0.615662 0.000000
	6142.000000 7.000000 -1491.000000 1.000000

	*dmm40_3	-40	-150	-37		40	150	37
	-node_tm
	0.615662 0.000000 -0.788011 0.000000
	0.000000 1.000000 0.000000 0.000000
	0.788011 0.000000 0.615662 0.000000
	5968.000000 49.000000 -1694.000000 1.000000

	*dmm40_4	-40	-150	-37		40	150	37
	-node_tm
	0.615662 0.000000 -0.788011 0.000000
	0.000000 1.000000 0.000000 0.000000
	0.788011 0.000000 0.615662 0.000000
	5671.000000 7.000000 -1382.000000 1.000000

	*dmm40_5	-40	-150	-37		40	150	37
	-node_tm
	0.615662 0.000000 -0.788011 0.000000
	0.000000 1.000000 0.000000 0.000000
	0.788011 0.000000 0.615662 0.000000
	5824.000000 7.000000 -1560.000000 1.000000

	*dmm40_6	-40	-150	-37		40	150	37
	-node_tm
	0.615662 0.000000 -0.788011 0.000000
	0.000000 1.000000 0.000000 0.000000
	0.788011 0.000000 0.615662 0.000000
	6285.000000 7.000000 -1625.000000 1.000000

	*dmm40_7	-40	-150	-37		40	150	37
	-node_tm
	0.615662 0.000000 -0.788011 0.000000
	0.000000 1.000000 0.000000 0.000000
	0.788011 0.000000 0.615662 0.000000
	6133.000000 7.000000 -958.000000 1.000000

	*dmm40_8	-40	-150	-37		40	150	37
	-node_tm
	0.615662 0.000000 -0.788011 0.000000
	0.000000 1.000000 0.000000 0.000000
	0.788011 0.000000 0.615662 0.000000
	5860.000000 7.000000 -1122.000000 1.000000

	*dmm40_9	-40	-150	-37		40	150	37
	-node_tm
	0.615662 0.000000 -0.788011 0.000000
	0.000000 1.000000 0.000000 0.000000
	0.788011 0.000000 0.615662 0.000000
	6402.000000 7.000000 -1427.000000 1.000000

	*dmm40_10	-40	-150	-37		40	150	37
	-node_tm
	0.615662 0.000000 -0.788011 0.000000
	0.000000 1.000000 0.000000 0.000000
	0.788011 0.000000 0.615662 0.000000
	6512.000000 7.000000 -1195.000000 1.000000

	*dmm40_11	-40	-150	-37		40	150	37
	-node_tm
	0.615662 0.000000 -0.788011 0.000000
	0.000000 1.000000 0.000000 0.000000
	0.788011 0.000000 0.615662 0.000000
	5988.000000 7.000000 -1342.000000 1.000000

	*dmm40_12	-40	-150	-37		40	150	37
	-node_tm
	0.615662 0.000000 -0.788011 0.000000
	0.000000 1.000000 0.000000 0.000000
	0.788011 0.000000 0.615662 0.000000
	6561.000000 15.000000 -905.000000 1.000000

	*dmm40_13	-40	-150	-37		40	150	37
	-node_tm
	0.615662 0.000000 -0.788011 0.000000
	0.000000 1.000000 0.000000 0.000000
	0.788011 0.000000 0.615662 0.000000
	6636.000000 7.000000 -1120.000000 1.000000

	*dmm40_14	-40	-150	-37		40	150	37
	-node_tm
	0.615662 0.000000 -0.788011 0.000000
	0.000000 1.000000 0.000000 0.000000
	0.788011 0.000000 0.615662 0.000000
	6275.000000 7.000000 -852.000000 1.000000

	*dmm40_15	-40	-150	-37		40	150	37
	-node_tm
	0.615662 0.000000 -0.788011 0.000000
	0.000000 1.000000 0.000000 0.000000
	0.788011 0.000000 0.615662 0.000000
	6386.000000 7.000000 -1007.000000 1.000000

	*dmm44_0	-30	-150	-30		30	150	30
	-node_tm
	0.207912 0.000000 -0.978148 0.000000
	0.000000 1.000000 0.000000 0.000000
	0.978148 0.000000 0.207912 0.000000
	7740.000000 39.000000 -4299.000000 1.000000

	*dmm44_1	-30	-150	-30		30	150	30
	-node_tm
	0.207912 0.000000 -0.978148 0.000000
	0.000000 1.000000 0.000000 0.000000
	0.978148 0.000000 0.207912 0.000000
	8299.000000 39.000000 -4161.000000 1.000000

	*dmm44_2	-30	-150	-30		30	150	30
	-node_tm
	0.207912 0.000000 -0.978148 0.000000
	0.000000 1.000000 0.000000 0.000000
	0.978148 0.000000 0.207912 0.000000
	8060.000000 39.000000 -4468.000000 1.000000

	*dmm44_3	-30	-150	-30		30	150	30
	-node_tm
	0.207912 0.000000 -0.978148 0.000000
	0.000000 1.000000 0.000000 0.000000
	0.978148 0.000000 0.207912 0.000000
	7945.000000 39.000000 -4296.000000 1.000000

	*dmm44_4	-30	-150	-30		30	150	30
	-node_tm
	0.207912 0.000000 -0.978148 0.000000
	0.000000 1.000000 0.000000 0.000000
	0.978148 0.000000 0.207912 0.000000
	8416.000000 39.000000 -4356.000000 1.000000

	*dmm44_5	-30	-150	-30		30	150	30
	-node_tm
	0.207912 0.000000 -0.978148 0.000000
	0.000000 1.000000 0.000000 0.000000
	0.978148 0.000000 0.207912 0.000000
	8513.000000 39.000000 -4594.000000 1.000000

	*dmm52_0	-10	-80	-10		10	80	10
	-node_tm
	0.669131 0.000000 0.743145 0.000000
	0.000000 1.000000 0.000000 0.000000
	-0.743145 0.000000 0.669131 0.000000
	4918.000000 565.000000 6899.000000 1.000000

	*dmm49_0	-30	-150	-30		30	150	30
	-node_tm
	0.629320 0.000000 0.777146 0.000000
	0.000000 1.000000 0.000000 0.000000
	-0.777146 0.000000 0.629320 0.000000
	6380.000000 547.000000 4754.000000 1.000000

	*dmm49_1	-30	-150	-30		30	150	30
	-node_tm
	0.629320 0.000000 0.777146 0.000000
	0.000000 1.000000 0.000000 0.000000
	-0.777146 0.000000 0.629320 0.000000
	6325.000000 561.000000 5160.000000 1.000000

	*dmm49_2	-30	-150	-30		30	150	30
	-node_tm
	0.629320 0.000000 0.777146 0.000000
	0.000000 1.000000 0.000000 0.000000
	-0.777146 0.000000 0.629320 0.000000
	6404.000000 566.000000 5452.000000 1.000000

	*dmm49_3	-30	-150	-30		30	150	30
	-node_tm
	0.629320 0.000000 0.777146 0.000000
	0.000000 1.000000 0.000000 0.000000
	-0.777146 0.000000 0.629320 0.000000
	5697.000000 535.000000 4778.000000 1.000000

	*dmm49_4	-30	-150	-30		30	150	30
	-node_tm
	0.629320 0.000000 0.777146 0.000000
	0.000000 1.000000 0.000000 0.000000
	-0.777146 0.000000 0.629320 0.000000
	5704.000000 579.000000 5320.000000 1.000000

	*dmm49_5	-30	-150	-30		30	150	30
	-node_tm
	0.629320 0.000000 0.777146 0.000000
	0.000000 1.000000 0.000000 0.000000
	-0.777146 0.000000 0.629320 0.000000
	6056.000000 586.000000 5176.000000 1.000000

	*dmm49_6	-30	-150	-30		30	150	30
	-node_tm
	0.629320 0.000000 0.777146 0.000000
	0.000000 1.000000 0.000000 0.000000
	-0.777146 0.000000 0.629320 0.000000
	5631.000000 593.000000 5062.000000 1.000000

	*dmm49_7	-30	-150	-30		30	150	30
	-node_tm
	0.629320 0.000000 0.777146 0.000000
	0.000000 1.000000 0.000000 0.000000
	-0.777146 0.000000 0.629320 0.000000
	5919.000000 585.000000 5465.000000 1.000000

	*dmm49_8	-30	-150	-30		30	150	30
	-node_tm
	0.629320 0.000000 0.777146 0.000000
	0.000000 1.000000 0.000000 0.000000
	-0.777146 0.000000 0.629320 0.000000
	6135.000000 583.000000 5473.000000 1.000000

	*dmm51_0	-30	-150	-30		30	150	30
	-node_tm
	0.629320 0.000000 0.777146 0.000000
	0.000000 1.000000 0.000000 0.000000
	-0.777146 0.000000 0.629320 0.000000
	6017.000000 580.000000 6153.000000 1.000000

	*dmm51_1	-30	-150	-30		30	150	30
	-node_tm
	0.629320 0.000000 0.777146 0.000000
	0.000000 1.000000 0.000000 0.000000
	-0.777146 0.000000 0.629320 0.000000
	5413.000000 580.000000 5980.000000 1.000000

	*dmm51_2	-30	-150	-30		30	150	30
	-node_tm
	0.629320 0.000000 0.777146 0.000000
	0.000000 1.000000 0.000000 0.000000
	-0.777146 0.000000 0.629320 0.000000
	6145.000000 580.000000 6442.000000 1.000000

	*dmm51_3	-30	-150	-30		30	150	30
	-node_tm
	0.629320 0.000000 0.777146 0.000000
	0.000000 1.000000 0.000000 0.000000
	-0.777146 0.000000 0.629320 0.000000
	5390.000000 580.000000 5713.000000 1.000000

	*dmm51_4	-30	-150	-30		30	150	30
	-node_tm
	0.629320 0.000000 0.777146 0.000000
	0.000000 1.000000 0.000000 0.000000
	-0.777146 0.000000 0.629320 0.000000
	5718.000000 580.000000 6120.000000 1.000000

	*dmm51_5	-30	-150	-30		30	150	30
	-node_tm
	0.629320 0.000000 0.777146 0.000000
	0.000000 1.000000 0.000000 0.000000
	-0.777146 0.000000 0.629320 0.000000
	6328.000000 580.000000 6051.000000 1.000000

	*dmm51_6	-30	-150	-30		30	150	30
	-node_tm
	0.629320 0.000000 0.777146 0.000000
	0.000000 1.000000 0.000000 0.000000
	-0.777146 0.000000 0.629320 0.000000
	5231.000000 580.000000 6144.000000 1.000000

	*dmm51_7	-30	-150	-30		30	150	30
	-node_tm
	0.629320 0.000000 0.777146 0.000000
	0.000000 1.000000 0.000000 0.000000
	-0.777146 0.000000 0.629320 0.000000
	5811.000000 580.000000 6508.000000 1.000000

	*dmm51_8	-30	-150	-30		30	150	30
	-node_tm
	0.629320 0.000000 0.777146 0.000000
	0.000000 1.000000 0.000000 0.000000
	-0.777146 0.000000 0.629320 0.000000
	5996.000000 580.000000 6847.000000 1.000000

	*dmm50_0	-30	-150	-30		30	150	30
	-node_tm
	0.629320 0.000000 0.777146 0.000000
	0.000000 1.000000 0.000000 0.000000
	-0.777146 0.000000 0.629320 0.000000
	4690.000000 574.000000 6329.000000 1.000000

	*dmm50_1	-30	-150	-30		30	150	30
	-node_tm
	0.629320 0.000000 0.777146 0.000000
	0.000000 1.000000 0.000000 0.000000
	-0.777146 0.000000 0.629320 0.000000
	4559.000000 574.000000 6945.000000 1.000000

	*dmm50_2	-30	-150	-30		30	150	30
	-node_tm
	0.629320 0.000000 0.777146 0.000000
	0.000000 1.000000 0.000000 0.000000
	-0.777146 0.000000 0.629320 0.000000
	5558.000000 574.000000 6522.000000 1.000000

	*dmm50_3	-30	-150	-30		30	150	30
	-node_tm
	0.629320 0.000000 0.777146 0.000000
	0.000000 1.000000 0.000000 0.000000
	-0.777146 0.000000 0.629320 0.000000
	5529.000000 574.000000 6251.000000 1.000000

	*dmm50_4	-30	-150	-30		30	150	30
	-node_tm
	0.629320 0.000000 0.777146 0.000000
	0.000000 1.000000 0.000000 0.000000
	-0.777146 0.000000 0.629320 0.000000
	4675.000000 574.000000 7198.000000 1.000000

	*dmm50_5	-30	-150	-30		30	150	30
	-node_tm
	0.629320 0.000000 0.777146 0.000000
	0.000000 1.000000 0.000000 0.000000
	-0.777146 0.000000 0.629320 0.000000
	5754.000000 574.000000 7040.000000 1.000000

	*dmm50_6	-30	-150	-30		30	150	30
	-node_tm
	0.629320 0.000000 0.777146 0.000000
	0.000000 1.000000 0.000000 0.000000
	-0.777146 0.000000 0.629320 0.000000
