script_begin


[HelperObjectBegin]

	*dpgoto_neutralbs2_town	-40	-37	-35		40	37	35
	-node_tm
	0.987688 0.000000 -0.156434 0.000000
	0.000000 1.000000 0.000000 0.000000
	0.156434 0.000000 0.987688 0.000000
	-3806.000000 762.000000 -2871.000000 1.000000

	*dpgoto_bellato_HQ	-40	-37	-35		40	37	35
	-node_tm
	0.987688 0.000000 -0.156434 0.000000
	0.000000 1.000000 0.000000 0.000000
	0.156434 0.000000 0.987688 0.000000
	-3806.000000 762.000000 -2871.000000 1.000000

	*dpgoto_resources	-40	-37	-35		40	37	35
	-node_tm
	0.987688 0.000000 -0.156434 0.000000
	0.000000 1.000000 0.000000 0.000000
	0.156434 0.000000 0.987688 0.000000
	-3806.000000 762.000000 -2871.000000 1.000000

	*dpgoto_neutralbs2	-132	-172	-148		132	172	148
	-node_tm
	1.000000 0.000000 -0.000000 0.000000
	0.000000 1.000000 0.000000 0.000000
	0.000000 0.000000 1.000000 0.000000
	-7847.000000 494.000000 1414.000000 1.000000

	*dpgoto_neutralb	-264	-183	-83		264	183	83
	-node_tm
	1.000000 0.000000 -0.000000 0.000000
	0.000000 1.000000 0.000000 0.000000
	0.000000 0.000000 1.000000 0.000000
	-7982.000000 437.000000 5186.000000 1.000000

	*dpgoto_neutralcs2	-230	-152	-318		230	152	318
	-node_tm
	1.000000 0.000000 -0.000000 0.000000
	0.000000 1.000000 0.000000 0.000000
	0.000000 0.000000 1.000000 0.000000
	-5230.000000 783.000000 -6385.000000 1.000000

	*dpgoto_resources_road	-111	-55	-152		111	55	152
	-node_tm
	1.000000 0.000000 -0.000000 0.000000
	0.000000 1.000000 0.000000 0.000000
	0.000000 0.000000 1.000000 0.000000
	-9050.000000 704.000000 -2953.000000 1.000000

	*dpgoto_dungeon03	-400	-200	-150		400	200	150
	-node_tm
	-0.788011 0.000000 -0.615662 0.000000
	0.000000 1.000000 0.000000 0.000000
	0.615662 0.000000 -0.788011 0.000000
	129.000000 314.000000 8404.000000 1.000000

	*dpfrom_resources_road	-39	-150	-46		39	150	46
	-node_tm
	-0.707107 0.000000 -0.707107 0.000000
	0.000000 1.000000 0.000000 0.000000
	0.707107 0.000000 -0.707107 0.000000
	-8871.000000 696.000000 -2669.000000 1.000000

	*dpfrom_neutralcs2	-138	-184	-140		138	184	140
	-node_tm
	1.000000 0.000000 -0.000000 0.000000
	0.000000 1.000000 0.000000 0.000000
	0.000000 0.000000 1.000000 0.000000
	-5187.000000 799.000000 -5931.000000 1.000000

	*dpfrom_neutralbs2	-51	-184	-63		51	184	63
	-node_tm
	1.000000 0.000000 -0.000000 0.000000
	0.000000 1.000000 0.000000 0.000000
	0.000000 0.000000 1.000000 0.000000
	-7670.000000 431.000000 1411.000000 1.000000

	*dpfrom_neutralb	-95	-183	-60		95	183	60
	-node_tm
	1.000000 0.000000 -0.000000 0.000000
	0.000000 1.000000 0.000000 0.000000
	0.000000 0.000000 1.000000 0.000000
	-7609.000000 421.000000 5186.000000 1.000000

	*dpfrom_town	-25	-29	-26		25	29	26
	-node_tm
	0.987688 0.000000 -0.156434 0.000000
	0.000000 1.000000 0.000000 0.000000
	0.156434 0.000000 0.987688 0.000000
	-4327.000000 762.000000 -4009.000000 1.000000

	*dpfrom_dungeon03	-49	-150	-50		49	150	50
	-node_tm
	-0.788011 0.000000 -0.615662 0.000000
	0.000000 1.000000 0.000000 0.000000
	0.615662 0.000000 -0.788011 0.000000
	119.000000 281.000000 8422.000000 1.000000

	*dmm071_1	-100	-150	-100		100	150	100
	-node_tm
	-0.694658 0.000000 -0.719340 0.000000
	0.000000 1.000000 0.000000 0.000000
	0.719340 0.000000 -0.694658 0.000000
	-8814.000000 762.000000 -1205.000000 1.000000

	*dmm071_2	-100	-150	-100		100	150	100
	-node_tm
	-0.694658 0.000000 -0.719340 0.000000
	0.000000 1.000000 0.000000 0.000000
	0.719340 0.000000 -0.694658 0.000000
	-8954.000000 762.000000 -1348.000000 1.000000

	*dmm071_3	-100	-150	-100		100	150	100
	-node_tm
	-0.694658 0.000000 -0.719340 0.000000
	0.000000 1.000000 0.000000 0.000000
	0.719340 0.000000 -0.694658 0.000000
	-9093.000000 762.000000 -1491.000000 1.000000

	*dmm071_4	-100	-150	-100		100	150	100
	-node_tm
	-0.694658 0.000000 -0.719340 0.000000
	0.000000 1.000000 0.000000 0.000000
	0.719340 0.000000 -0.694658 0.000000
	-9233.000000 762.000000 -1634.000000 1.000000

	*dmm071_5	-100	-150	-100		100	150	100
	-node_tm
	-0.694658 0.000000 -0.719340 0.000000
	0.000000 1.000000 0.000000 0.000000
	0.719340 0.000000 -0.694658 0.000000
	-8531.000000 762.000000 -1202.000000 1.000000

	*dmm071_6	-100	-150	-100		100	150	100
	-node_tm
	-0.694658 0.000000 -0.719340 0.000000
	0.000000 1.000000 0.000000 0.000000
	0.719340 0.000000 -0.694658 0.000000
	-8671.000000 762.000000 -1345.000000 1.000000

	*dmm071_7	-100	-150	-100		100	150	100
	-node_tm
	-0.694658 0.000000 -0.719340 0.000000
	0.000000 1.000000 0.000000 0.000000
	0.719340 0.000000 -0.694658 0.000000
	-8810.000000 762.000000 -1488.000000 1.000000

	*dmm071_8	-100	-150	-100		100	150	100
	-node_tm
	-0.694658 0.000000 -0.719340 0.000000
	0.000000 1.000000 0.000000 0.000000
	0.719340 0.000000 -0.694658 0.000000
	-8950.000000 762.000000 -1631.000000 1.000000

	*dmm071_9	-100	-150	-100		100	150	100
	-node_tm
	-0.694658 0.000000 -0.719340 0.000000
	0.000000 1.000000 0.000000 0.000000
	0.719340 0.000000 -0.694658 0.000000
	-9090.000000 762.000000 -1774.000000 1.000000

	*dmm071_10	-100	-150	-100		100	150	100
	-node_tm
	-0.694658 0.000000 -0.719340 0.000000
	0.000000 1.000000 0.000000 0.000000
	0.719340 0.000000 -0.694658 0.000000
	-8388.000000 762.000000 -1341.000000 1.000000

	*dmm071_11	-100	-150	-100		100	150	100
	-node_tm
	-0.694658 0.000000 -0.719340 0.000000
	0.000000 1.000000 0.000000 0.000000
	0.719340 0.000000 -0.694658 0.000000
	-8528.000000 762.000000 -1484.000000 1.000000

	*dmm071_12	-100	-150	-100		100	150	100
	-node_tm
	-0.694658 0.000000 -0.719340 0.000000
	0.000000 1.000000 0.000000 0.000000
	0.719340 0.000000 -0.694658 0.000000
	-8667.000000 762.000000 -1628.000000 1.000000

	*dmm071_13	-100	-150	-100		100	150	100
	-node_tm
	-0.694658 0.000000 -0.719340 0.000000
	0.000000 1.000000 0.000000 0.000000
	0.719340 0.000000 -0.694658 0.000000
	-8807.000000 762.000000 -1771.000000 1.000000

	*dmm071_14	-100	-150	-100		100	150	100
	-node_tm
	-0.694658 0.000000 -0.719340 0.000000
	0.000000 1.000000 0.000000 0.000000
	0.719340 0.000000 -0.694658 0.000000
	-8947.000000 762.000000 -1914.000000 1.000000

	*dmm071_15	-100	-150	-100		100	150	100
	-node_tm
	-0.694658 0.000000 -0.719340 0.000000
	0.000000 1.000000 0.000000 0.000000
	0.719340 0.000000 -0.694658 0.000000
	-8245.000000 762.000000 -1481.000000 1.000000

	*dmm071_16	-100	-150	-100		100	150	100
	-node_tm
	-0.694658 0.000000 -0.719340 0.000000
	0.000000 1.000000 0.000000 0.000000
	0.719340 0.000000 -0.694658 0.000000
	-8385.000000 762.000000 -1624.000000 1.000000

	*dmm071_17	-100	-150	-100		100	150	100
	-node_tm
	-0.694658 0.000000 -0.719340 0.000000
	0.000000 1.000000 0.000000 0.000000
	0.719340 0.000000 -0.694658 0.000000
	-8524.000000 762.000000 -1767.000000 1.000000

	*dmm071_18	-100	-150	-100		100	150	100
	-node_tm
	-0.694658 0.000000 -0.719340 0.000000
	0.000000 1.000000 0.000000 0.000000
	0.719340 0.000000 -0.694658 0.000000
	-8664.000000 762.000000 -1910.000000 1.000000

	*dmm071_19	-100	-150	-100		100	150	100
	-node_tm
	-0.694658 0.000000 -0.719340 0.000000
	0.000000 1.000000 0.000000 0.000000
	0.719340 0.000000 -0.694658 0.000000
	-8804.000000 762.000000 -2053.000000 1.000000

	*dmm072_0	-100	-150	-100		100	150	100
	-node_tm
	-0.707107 0.000000 -0.707107 0.000000
	0.000000 1.000000 0.000000 0.000000
	0.707107 0.000000 -0.707107 0.000000
	-7923.000000 779.000000 -283.000000 1.000000

	*dmm072_1	-100	-150	-100		100	150	100
	-node_tm
	-0.707107 0.000000 -0.707107 0.000000
	0.000000 1.000000 0.000000 0.000000
	0.707107 0.000000 -0.707107 0.000000
	-8063.000000 779.000000 -426.000000 1.000000

	*dmm072_2	-100	-150	-100		100	150	100
	-node_tm
	-0.707107 0.000000 -0.707107 0.000000
	0.000000 1.000000 0.000000 0.000000
	0.707107 0.000000 -0.707107 0.000000
	-8204.000000 779.000000 -568.000000 1.000000

	*dmm072_3	-100	-150	-100		100	150	100
	-node_tm
	-0.707107 0.000000 -0.707107 0.000000
	0.000000 1.000000 0.000000 0.000000
	0.707107 0.000000 -0.707107 0.000000
	-8344.000000 779.000000 -711.000000 1.000000

	*dmm072_4	-100	-150	-100		100	150	100
	-node_tm
	-0.707107 0.000000 -0.707107 0.000000
	0.000000 1.000000 0.000000 0.000000
	0.707107 0.000000 -0.707107 0.000000
	-8484.000000 779.000000 -853.000000 1.000000

	*dmm072_5	-100	-150	-100		100	150	100
	-node_tm
	-0.707107 0.000000 -0.707107 0.000000
	0.000000 1.000000 0.000000 0.000000
	0.707107 0.000000 -0.707107 0.000000
	-7780.000000 779.000000 -423.000000 1.000000

	*dmm072_6	-100	-150	-100		100	150	100
	-node_tm
	-0.707107 0.000000 -0.707107 0.000000
	0.000000 1.000000 0.000000 0.000000
	0.707107 0.000000 -0.707107 0.000000
	-7921.000000 779.000000 -566.000000 1.000000

	*dmm072_7	-100	-150	-100		100	150	100
	-node_tm
	-0.707107 0.000000 -0.707107 0.000000
	0.000000 1.000000 0.000000 0.000000
	0.707107 0.000000 -0.707107 0.000000
	-8061.000000 779.000000 -708.000000 1.000000

	*dmm072_8	-100	-150	-100		100	150	100
	-node_tm
	-0.707107 0.000000 -0.707107 0.000000
	0.000000 1.000000 0.000000 0.000000
	0.707107 0.000000 -0.707107 0.000000
	-8201.000000 779.000000 -851.000000 1.000000

	*dmm072_9	-100	-150	-100		100	150	100
	-node_tm
	-0.707107 0.000000 -0.707107 0.000000
	0.000000 1.000000 0.000000 0.000000
	0.707107 0.000000 -0.707107 0.000000
	-8341.000000 779.000000 -994.000000 1.000000

	*dmm072_10	-100	-150	-100		100	150	100
	-node_tm
	-0.707107 0.000000 -0.707107 0.000000
	0.000000 1.000000 0.000000 0.000000
	0.707107 0.000000 -0.707107 0.000000
	-7638.000000 779.000000 -563.000000 1.000000

	*dmm072_11	-100	-150	-100		100	150	100
	-node_tm
	-0.707107 0.000000 -0.707107 0.000000
	0.000000 1.000000 0.000000 0.000000
	0.707107 0.000000 -0.707107 0.000000
	-7778.000000 779.000000 -706.000000 1.000000

	*dmm072_12	-100	-150	-100		100	150	100
	-node_tm
	-0.707107 0.000000 -0.707107 0.000000
	0.000000 1.000000 0.000000 0.000000
	0.707107 0.000000 -0.707107 0.000000
	-7918.000000 779.000000 -849.000000 1.000000

	*dmm072_13	-100	-150	-100		100	150	100
	-node_tm
	-0.707107 0.000000 -0.707107 0.000000
	0.000000 1.000000 0.000000 0.000000
	0.707107 0.000000 -0.707107 0.000000
	-8059.000000 779.000000 -991.000000 1.000000

	*dmm072_14	-100	-150	-100		100	150	100
	-node_tm
	-0.707107 0.000000 -0.707107 0.000000
	0.000000 1.000000 0.000000 0.000000
	0.707107 0.000000 -0.707107 0.000000
	-8199.000000 779.000000 -1134.000000 1.000000

	*dmm072_15	-100	-150	-100		100	150	100
	-node_tm
	-0.707107 0.000000 -0.707107 0.000000
	0.000000 1.000000 0.000000 0.000000
	0.707107 0.000000 -0.707107 0.000000
	-7495.000000 779.000000 -704.000000 1.000000

	*dmm072_16	-100	-150	-100		100	150	100
	-node_tm
	-0.707107 0.000000 -0.707107 0.000000
	0.000000 1.000000 0.000000 0.000000
	0.707107 0.000000 -0.707107 0.000000
	-7636.000000 779.000000 -846.000000 1.000000

	*dmm072_17	-100	-150	-100		100	150	100
	-node_tm
	-0.707107 0.000000 -0.707107 0.000000
	0.000000 1.000000 0.000000 0.000000
	0.707107 0.000000 -0.707107 0.000000
	-7776.000000 779.000000 -989.000000 1.000000

	*dmm072_18	-100	-150	-100		100	150	100
	-node_tm
	-0.707107 0.000000 -0.707107 0.000000
	0.000000 1.000000 0.000000 0.000000
	0.707107 0.000000 -0.707107 0.000000
	-7916.000000 783.000000 -1131.000000 1.000000

	*dmm072_19	-100	-150	-100		100	150	100
	-node_tm
	-0.707107 0.000000 -0.707107 0.000000
	0.000000 1.000000 0.000000 0.000000
	0.707107 0.000000 -0.707107 0.000000
	-8056.000000 781.000000 -1274.000000 1.000000

	*dmm073_0	-100	-150	-100		100	150	100
	-node_tm
	-0.707107 0.000000 -0.707107 0.000000
	0.000000 1.000000 0.000000 0.000000
	0.707107 0.000000 -0.707107 0.000000
	-8076.000000 719.000000 -1648.000000 1.000000

	*dmm073_1	-100	-150	-100		100	150	100
	-node_tm
	-0.707107 0.000000 -0.707107 0.000000
	0.000000 1.000000 0.000000 0.000000
	0.707107 0.000000 -0.707107 0.000000
	-8216.000000 719.000000 -1790.000000 1.000000

	*dmm073_2	-100	-150	-100		100	150	100
	-node_tm
	-0.707107 0.000000 -0.707107 0.000000
	0.000000 1.000000 0.000000 0.000000
	0.707107 0.000000 -0.707107 0.000000
	-8356.000000 719.000000 -1933.000000 1.000000

	*dmm073_3	-100	-150	-100		100	150	100
	-node_tm
	-0.707107 0.000000 -0.707107 0.000000
	0.000000 1.000000 0.000000 0.000000
	0.707107 0.000000 -0.707107 0.000000
	-8496.000000 734.000000 -2075.000000 1.000000

	*dmm073_4	-100	-150	-100		100	150	100
	-node_tm
	-0.707107 0.000000 -0.707107 0.000000
	0.000000 1.000000 0.000000 0.000000
	0.707107 0.000000 -0.707107 0.000000
	-8636.000000 733.000000 -2218.000000 1.000000

	*dmm073_5	-100	-150	-100		100	150	100
	-node_tm
	-0.707107 0.000000 -0.707107 0.000000
	0.000000 1.000000 0.000000 0.000000
	0.707107 0.000000 -0.707107 0.000000
	-7933.000000 719.000000 -1788.000000 1.000000

	*dmm073_6	-100	-150	-100		100	150	100
	-node_tm
	-0.707107 0.000000 -0.707107 0.000000
	0.000000 1.000000 0.000000 0.000000
	0.707107 0.000000 -0.707107 0.000000
	-8073.000000 719.000000 -1930.000000 1.000000

	*dmm073_7	-100	-150	-100		100	150	100
	-node_tm
	-0.707107 0.000000 -0.707107 0.000000
	0.000000 1.000000 0.000000 0.000000
	0.707107 0.000000 -0.707107 0.000000
	-8214.000000 719.000000 -2073.000000 1.000000

	*dmm073_8	-100	-150	-100		100	150	100
	-node_tm
	-0.707107 0.000000 -0.707107 0.000000
	0.000000 1.000000 0.000000 0.000000
	0.707107 0.000000 -0.707107 0.000000
	-8354.000000 729.000000 -2216.000000 1.000000

	*dmm073_9	-100	-150	-100		100	150	100
	-node_tm
	-0.707107 0.000000 -0.707107 0.000000
	0.000000 1.000000 0.000000 0.000000
	0.707107 0.000000 -0.707107 0.000000
	-8494.000000 727.000000 -2358.000000 1.000000

	*dmm073_10	-100	-150	-100		100	150	100
	-node_tm
	-0.707107 0.000000 -0.707107 0.000000
	0.000000 1.000000 0.000000 0.000000
	0.707107 0.000000 -0.707107 0.000000
	-7791.000000 719.000000 -1928.000000 1.000000

	*dmm073_11	-100	-150	-100		100	150	100
	-node_tm
	-0.707107 0.000000 -0.707107 0.000000
	0.000000 1.000000 0.000000 0.000000
	0.707107 0.000000 -0.707107 0.000000
	-7931.000000 719.000000 -2071.000000 1.000000

	*dmm073_12	-100	-150	-100		100	150	100
	-node_tm
	-0.707107 0.000000 -0.707107 0.000000
	0.000000 1.000000 0.000000 0.000000
	0.707107 0.000000 -0.707107 0.000000
	-8071.000000 719.000000 -2213.000000 1.000000

	*dmm073_13	-100	-150	-100		100	150	100
	-node_tm
	-0.707107 0.000000 -0.707107 0.000000
	0.000000 1.000000 0.000000 0.000000
	0.707107 0.000000 -0.707107 0.000000
	-8211.000000 719.000000 -2356.000000 1.000000

	*dmm073_14	-100	-150	-100		100	150	100
	-node_tm
	-0.707107 0.000000 -0.707107 0.000000
	0.000000 1.000000 0.000000 0.000000
	0.707107 0.000000 -0.707107 0.000000
	-8351.000000 737.000000 -2498.000000 1.000000

	*dmm073_15	-100	-150	-100		100	150	100
	-node_tm
	-0.707107 0.000000 -0.707107 0.000000
	0.000000 1.000000 0.000000 0.000000
	0.707107 0.000000 -0.707107 0.000000
	-7648.000000 719.000000 -2068.000000 1.000000

	*dmm073_16	-100	-150	-100		100	150	100
	-node_tm
	-0.707107 0.000000 -0.707107 0.000000
	0.000000 1.000000 0.000000 0.000000
	0.707107 0.000000 -0.707107 0.000000
	-7788.000000 719.000000 -2211.000000 1.000000

	*dmm073_17	-100	-150	-100		100	150	100
	-node_tm
	-0.707107 0.000000 -0.707107 0.000000
	0.000000 1.000000 0.000000 0.000000
	0.707107 0.000000 -0.707107 0.000000
	-7928.000000 719.000000 -2353.000000 1.000000

	*dmm073_18	-100	-150	-100		100	150	100
	-node_tm
	-0.707107 0.000000 -0.707107 0.000000
	0.000000 1.000000 0.000000 0.000000
	0.707107 0.000000 -0.707107 0.000000
	-8069.000000 719.000000 -2496.000000 1.000000

	*dmm073_19	-100	-150	-100		100	150	100
	-node_tm
	-0.707107 0.000000 -0.707107 0.000000
	0.000000 1.000000 0.000000 0.000000
	0.707107 0.000000 -0.707107 0.000000
	-8209.000000 721.000000 -2639.000000 1.000000

	*dmm074_0	-100	-150	-100		100	150	100
	-node_tm
	-0.707107 0.000000 -0.707107 0.000000
	0.000000 1.000000 0.000000 0.000000
	0.707107 0.000000 -0.707107 0.000000
	-7321.000000 781.000000 -884.000000 1.000000

	*dmm074_1	-100	-150	-100		100	150	100
	-node_tm
	-0.707107 0.000000 -0.707107 0.000000
	0.000000 1.000000 0.000000 0.000000
	0.707107 0.000000 -0.707107 0.000000
	-7461.000000 776.000000 -1026.000000 1.000000

	*dmm074_2	-100	-150	-100		100	150	100
	-node_tm
	-0.707107 0.000000 -0.707107 0.000000
	0.000000 1.000000 0.000000 0.000000
	0.707107 0.000000 -0.707107 0.000000
	-7601.000000 782.000000 -1169.000000 1.000000

	*dmm074_3	-100	-150	-100		100	150	100
	-node_tm
	-0.707107 0.000000 -0.707107 0.000000
	0.000000 1.000000 0.000000 0.000000
	0.707107 0.000000 -0.707107 0.000000
	-7741.000000 803.000000 -1312.000000 1.000000

	*dmm074_4	-100	-150	-100		100	150	100
	-node_tm
	-0.707107 0.000000 -0.707107 0.000000
	0.000000 1.000000 0.000000 0.000000
	0.707107 0.000000 -0.707107 0.000000
	-7882.000000 794.000000 -1454.000000 1.000000

	*dmm074_5	-100	-150	-100		100	150	100
	-node_tm
	-0.707107 0.000000 -0.707107 0.000000
	0.000000 1.000000 0.000000 0.000000
	0.707107 0.000000 -0.707107 0.000000
	-7178.000000 783.000000 -1024.000000 1.000000

	*dmm074_6	-100	-150	-100		100	150	100
	-node_tm
	-0.707107 0.000000 -0.707107 0.000000
	0.000000 1.000000 0.000000 0.000000
	0.707107 0.000000 -0.707107 0.000000
	-7318.000000 769.000000 -1167.000000 1.000000

	*dmm074_7	-100	-150	-100		100	150	100
	-node_tm
	-0.707107 0.000000 -0.707107 0.000000
	0.000000 1.000000 0.000000 0.000000
	0.707107 0.000000 -0.707107 0.000000
	-7459.000000 778.000000 -1309.000000 1.000000

	*dmm074_8	-100	-150	-100		100	150	100
	-node_tm
	-0.707107 0.000000 -0.707107 0.000000
	0.000000 1.000000 0.000000 0.000000
	0.707107 0.000000 -0.707107 0.000000
	-7599.000000 785.000000 -1452.000000 1.000000

	*dmm074_9	-100	-150	-100		100	150	100
	-node_tm
	-0.707107 0.000000 -0.707107 0.000000
	0.000000 1.000000 0.000000 0.000000
	0.707107 0.000000 -0.707107 0.000000
	-7739.000000 795.000000 -1595.000000 1.000000

	*dmm074_10	-100	-150	-100		100	150	100
	-node_tm
	-0.707107 0.000000 -0.707107 0.000000
	0.000000 1.000000 0.000000 0.000000
	0.707107 0.000000 -0.707107 0.000000
	-7036.000000 777.000000 -1164.000000 1.000000

	*dmm074_11	-100	-150	-100		100	150	100
	-node_tm
	-0.707107 0.000000 -0.707107 0.000000
	0.000000 1.000000 0.000000 0.000000
	0.707107 0.000000 -0.707107 0.000000
	-7176.000000 774.000000 -1307.000000 1.000000

	*dmm074_12	-100	-150	-100		100	150	100
	-node_tm
	-0.707107 0.000000 -0.707107 0.000000
	0.000000 1.000000 0.000000 0.000000
	0.707107 0.000000 -0.707107 0.000000
	-7316.000000 769.000000 -1450.000000 1.000000

	*dmm074_13	-100	-150	-100		100	150	100
	-node_tm
	-0.707107 0.000000 -0.707107 0.000000
	0.000000 1.000000 0.000000 0.000000
	0.707107 0.000000 -0.707107 0.000000
	-7456.000000 769.000000 -1592.000000 1.000000

	*dmm074_14	-100	-150	-100		100	150	100
	-node_tm
	-0.707107 0.000000 -0.707107 0.000000
	0.000000 1.000000 0.000000 0.000000
	0.707107 0.000000 -0.707107 0.000000
	-7597.000000 769.000000 -1735.000000 1.000000

	*dmm074_15	-100	-150	-100		100	150	100
	-node_tm
	-0.707107 0.000000 -0.707107 0.000000
	0.000000 1.000000 0.000000 0.000000
	0.707107 0.000000 -0.707107 0.000000
	-6893.000000 775.000000 -1305.000000 1.000000

	*dmm074_16	-100	-150	-100		100	150	100
	-node_tm
	-0.707107 0.000000 -0.707107 0.000000
	0.000000 1.000000 0.000000 0.000000
	0.707107 0.000000 -0.707107 0.000000
	-7033.000000 771.000000 -1447.000000 1.000000

	*dmm074_17	-100	-150	-100		100	150	100
	-node_tm
	-0.707107 0.000000 -0.707107 0.000000
	0.000000 1.000000 0.000000 0.000000
	0.707107 0.000000 -0.707107 0.000000
	-7173.000000 769.000000 -1590.000000 1.000000

	*dmm074_18	-100	-150	-100		100	150	100
	-node_tm
	-0.707107 0.000000 -0.707107 0.000000
	0.000000 1.000000 0.000000 0.000000
	0.707107 0.000000 -0.707107 0.000000
	-7314.000000 769.000000 -1732.000000 1.000000

	*dmm074_19	-100	-150	-100		100	150	100
	-node_tm
	-0.707107 0.000000 -0.707107 0.000000
	0.000000 1.000000 0.000000 0.000000
	0.707107 0.000000 -0.707107 0.000000
	-7454.000000 769.000000 -1875.000000 1.000000

	*dmm075_0	-100	-150	-100		100	150	100
	-node_tm
	-0.707107 0.000000 -0.707107 0.000000
	0.000000 1.000000 0.000000 0.000000
	0.707107 0.000000 -0.707107 0.000000
	-7444.000000 752.000000 -2270.000000 1.000000

	*dmm075_1	-100	-150	-100		100	150	100
	-node_tm
	-0.707107 0.000000 -0.707107 0.000000
	0.000000 1.000000 0.000000 0.000000
	0.707107 0.000000 -0.707107 0.000000
	-7584.000000 752.000000 -2413.000000 1.000000

	*dmm075_2	-100	-150	-100		100	150	100
	-node_tm
	-0.707107 0.000000 -0.707107 0.000000
	0.000000 1.000000 0.000000 0.000000
	0.707107 0.000000 -0.707107 0.000000
	-7724.000000 767.000000 -2555.000000 1.000000

	*dmm075_3	-100	-150	-100		100	150	100
	-node_tm
	-0.707107 0.000000 -0.707107 0.000000
	0.000000 1.000000 0.000000 0.000000
	0.707107 0.000000 -0.707107 0.000000
	-7865.000000 815.000000 -2698.000000 1.000000

	*dmm075_5	-100	-150	-100		100	150	100
	-node_tm
	-0.707107 0.000000 -0.707107 0.000000
	0.000000 1.000000 0.000000 0.000000
	0.707107 0.000000 -0.707107 0.000000
	-7301.000000 752.000000 -2410.000000 1.000000

	*dmm075_6	-100	-150	-100		100	150	100
	-node_tm
	-0.707107 0.000000 -0.707107 0.000000
	0.000000 1.000000 0.000000 0.000000
	0.707107 0.000000 -0.707107 0.000000
	-7442.000000 752.000000 -2553.000000 1.000000

	*dmm075_7	-100	-150	-100		100	150	100
	-node_tm
	-0.707107 0.000000 -0.707107 0.000000
	0.000000 1.000000 0.000000 0.000000
	0.707107 0.000000 -0.707107 0.000000
	-7582.000000 777.000000 -2696.000000 1.000000

	*dmm075_8	-100	-150	-100		100	150	100
	-node_tm
	-0.707107 0.000000 -0.707107 0.000000
	0.000000 1.000000 0.000000 0.000000
	0.707107 0.000000 -0.707107 0.000000
	-7722.000000 815.000000 -2838.000000 1.000000

	*dmm075_10	-100	-150	-100		100	150	100
	-node_tm
	-0.707107 0.000000 -0.707107 0.000000
	0.000000 1.000000 0.000000 0.000000
	0.707107 0.000000 -0.707107 0.000000
	-7159.000000 752.000000 -2551.000000 1.000000

	*dmm075_11	-100	-150	-100		100	150	100
	-node_tm
	-0.707107 0.000000 -0.707107 0.000000
	0.000000 1.000000 0.000000 0.000000
	0.707107 0.000000 -0.707107 0.000000
	-7299.000000 752.000000 -2693.000000 1.000000

	*dmm075_12	-100	-150	-100		100	150	100
	-node_tm
	-0.707107 0.000000 -0.707107 0.000000
	0.000000 1.000000 0.000000 0.000000
	0.707107 0.000000 -0.707107 0.000000
	-7439.000000 786.000000 -2836.000000 1.000000

	*dmm075_13	-100	-150	-100		100	150	100
	-node_tm
	-0.707107 0.000000 -0.707107 0.000000
	0.000000 1.000000 0.000000 0.000000
	0.707107 0.000000 -0.707107 0.000000
	-7580.000000 797.000000 -2978.000000 1.000000

	*dmm075_15	-100	-150	-100		100	150	100
	-node_tm
	-0.707107 0.000000 -0.707107 0.000000
	0.000000 1.000000 0.000000 0.000000
	0.707107 0.000000 -0.707107 0.000000
	-7016.000000 752.000000 -2691.000000 1.000000

	*dmm075_16	-100	-150	-100		100	150	100
	-node_tm
	-0.707107 0.000000 -0.707107 0.000000
	0.000000 1.000000 0.000000 0.000000
	0.707107 0.000000 -0.707107 0.000000
	-7156.000000 752.000000 -2833.000000 1.000000

	*dmm075_17	-100	-150	-100		100	150	100
	-node_tm
	-0.707107 0.000000 -0.707107 0.000000
	0.000000 1.000000 0.000000 0.000000
	0.707107 0.000000 -0.707107 0.000000
	-7297.000000 752.000000 -2976.000000 1.000000

	*dmm075_18	-100	-150	-100		100	150	100
	-node_tm
	-0.707107 0.000000 -0.707107 0.000000
	0.000000 1.000000 0.000000 0.000000
	0.707107 0.000000 -0.707107 0.000000
	-7437.000000 801.000000 -3119.000000 1.000000

	*dmm076_1	-100	-150	-100		100	150	100
	-node_tm
	-0.707107 0.000000 -0.707107 0.000000
	0.000000 1.000000 0.000000 0.000000
	0.707107 0.000000 -0.707107 0.000000
	-6817.000000 761.000000 -1645.000000 1.000000

	*dmm076_2	-100	-150	-100		100	150	100
	-node_tm
	-0.707107 0.000000 -0.707107 0.000000
	0.000000 1.000000 0.000000 0.000000
	0.707107 0.000000 -0.707107 0.000000
	-6957.000000 760.000000 -1788.000000 1.000000

	*dmm076_3	-100	-150	-100		100	150	100
	-node_tm
	-0.707107 0.000000 -0.707107 0.000000
	0.000000 1.000000 0.000000 0.000000
	0.707107 0.000000 -0.707107 0.000000
	-7097.000000 744.000000 -1930.000000 1.000000

	*dmm076_4	-100	-150	-100		100	150	100
	-node_tm
	-0.707107 0.000000 -0.707107 0.000000
	0.000000 1.000000 0.000000 0.000000
	0.707107 0.000000 -0.707107 0.000000
	-7237.000000 759.000000 -2073.000000 1.000000

	*dmm076_6	-100	-150	-100		100	150	100
	-node_tm
	-0.707107 0.000000 -0.707107 0.000000
	0.000000 1.000000 0.000000 0.000000
	0.707107 0.000000 -0.707107 0.000000
	-6674.000000 747.000000 -1785.000000 1.000000

	*dmm076_7	-100	-150	-100		100	150	100
	-node_tm
	-0.707107 0.000000 -0.707107 0.000000
	0.000000 1.000000 0.000000 0.000000
	0.707107 0.000000 -0.707107 0.000000
	-6814.000000 743.000000 -1928.000000 1.000000

	*dmm076_8	-100	-150	-100		100	150	100
	-node_tm
	-0.707107 0.000000 -0.707107 0.000000
	0.000000 1.000000 0.000000 0.000000
	0.707107 0.000000 -0.707107 0.000000
	-6955.000000 778.000000 -2070.000000 1.000000

	*dmm076_9	-100	-150	-100		100	150	100
	-node_tm
	-0.707107 0.000000 -0.707107 0.000000
	0.000000 1.000000 0.000000 0.000000
	0.707107 0.000000 -0.707107 0.000000
	-7095.000000 769.000000 -2213.000000 1.000000

	*dmm076_11	-100	-150	-100		100	150	100
	-node_tm
	-0.707107 0.000000 -0.707107 0.000000
	0.000000 1.000000 0.000000 0.000000
	0.707107 0.000000 -0.707107 0.000000
	-6531.000000 756.000000 -1925.000000 1.000000

	*dmm076_12	-100	-150	-100		100	150	100
	-node_tm
	-0.707107 0.000000 -0.707107 0.000000
	0.000000 1.000000 0.000000 0.000000
	0.707107 0.000000 -0.707107 0.000000
	-6672.000000 743.000000 -2068.000000 1.000000

	*dmm076_13	-100	-150	-100		100	150	100
	-node_tm
	-0.707107 0.000000 -0.707107 0.000000
	0.000000 1.000000 0.000000 0.000000
	0.707107 0.000000 -0.707107 0.000000
	-6812.000000 755.000000 -2211.000000 1.000000

	*dmm076_14	-100	-150	-100		100	150	100
	-node_tm
	-0.707107 0.000000 -0.707107 0.000000
	0.000000 1.000000 0.000000 0.000000
	0.707107 0.000000 -0.707107 0.000000
	-6952.000000 754.000000 -2353.000000 1.000000

	*dmm076_16	-100	-150	-100		100	150	100
	-node_tm
	-0.707107 0.000000 -0.707107 0.000000
	0.000000 1.000000 0.000000 0.000000
	0.707107 0.000000 -0.707107 0.000000
	-6389.000000 753.000000 -2066.000000 1.000000

	*dmm076_17	-100	-150	-100		100	150	100
	-node_tm
	-0.707107 0.000000 -0.707107 0.000000
	0.000000 1.000000 0.000000 0.000000
	0.707107 0.000000 -0.707107 0.000000
	-6529.000000 764.000000 -2208.000000 1.000000

	*dmm076_18	-100	-150	-100		100	150	100
	-node_tm
	-0.707107 0.000000 -0.707107 0.000000
	0.000000 1.000000 0.000000 0.000000
	0.707107 0.000000 -0.707107 0.000000
	-6669.000000 749.000000 -2351.000000 1.000000

	*dmm076_19	-100	-150	-100		100	150	100
	-node_tm
	-0.707107 0.000000 -0.707107 0.000000
	0.000000 1.000000 0.000000 0.000000
	0.707107 0.000000 -0.707107 0.000000
	-6810.000000 748.000000 -2493.000000 1.000000

	*dmm077_0	-100	-150	-100		100	150	100
	-node_tm
	-0.933580 0.000000 -0.358368 0.000000
	0.000000 1.000000 0.000000 0.000000
	0.358368 0.000000 -0.933580 0.000000
	-2227.000000 726.000000 -344.000000 1.000000

	*dmm077_1	-100	-150	-100		100	150	100
	-node_tm
	-0.933580 0.000000 -0.358368 0.000000
	0.000000 1.000000 0.000000 0.000000
	0.358368 0.000000 -0.933580 0.000000
	-2413.000000 726.000000 -417.000000 1.000000

	*dmm077_2	-100	-150	-100		100	150	100
	-node_tm
	-0.933580 0.000000 -0.358368 0.000000
	0.000000 1.000000 0.000000 0.000000
	0.358368 0.000000 -0.933580 0.000000
	-2600.000000 726.000000 -489.000000 1.000000

	*dmm077_3	-100	-150	-100		100	150	100
	-node_tm
	-0.933580 0.000000 -0.358368 0.000000
	0.000000 1.000000 0.000000 0.000000
	0.358368 0.000000 -0.933580 0.000000
	-2786.000000 726.000000 -561.000000 1.000000

	*dmm077_4	-100	-150	-100		100	150	100
	-node_tm
	-0.933580 0.000000 -0.358368 0.000000
	0.000000 1.000000 0.000000 0.000000
	0.358368 0.000000 -0.933580 0.000000
	-2973.000000 726.000000 -634.000000 1.000000

	*dmm077_5	-100	-150	-100		100	150	100
	-node_tm
	-0.933580 0.000000 -0.358368 0.000000
	0.000000 1.000000 0.000000 0.000000
	0.358368 0.000000 -0.933580 0.000000
	-2155.000000 726.000000 -531.000000 1.000000

	*dmm077_6	-100	-150	-100		100	150	100
	-node_tm
	-0.933580 0.000000 -0.358368 0.000000
	0.000000 1.000000 0.000000 0.000000
	0.358368 0.000000 -0.933580 0.000000
	-2341.000000 726.000000 -603.000000 1.000000

	*dmm077_7	-100	-150	-100		100	150	100
	-node_tm
	-0.933580 0.000000 -0.358368 0.000000
	0.000000 1.000000 0.000000 0.000000
	0.358368 0.000000 -0.933580 0.000000
	-2527.000000 726.000000 -675.000000 1.000000

	*dmm077_8	-100	-150	-100		100	150	100
	-node_tm
	-0.933580 0.000000 -0.358368 0.000000
	0.000000 1.000000 0.000000 0.000000
	0.358368 0.000000 -0.933580 0.000000
	-2714.000000 726.000000 -748.000000 1.000000

	*dmm077_9	-100	-150	-100		100	150	100
	-node_tm
	-0.933580 0.000000 -0.358368 0.000000
	0.000000 1.000000 0.000000 0.000000
	0.358368 0.000000 -0.933580 0.000000
	-2900.000000 726.000000 -820.000000 1.000000

	*dmm077_10	-100	-150	-100		100	150	100
	-node_tm
	-0.933580 0.000000 -0.358368 0.000000
	0.000000 1.000000 0.000000 0.000000
	0.358368 0.000000 -0.933580 0.000000
	-2082.000000 726.000000 -717.000000 1.000000

	*dmm077_11	-100	-150	-100		100	150	100
	-node_tm
	-0.933580 0.000000 -0.358368 0.000000
	0.000000 1.000000 0.000000 0.000000
	0.358368 0.000000 -0.933580 0.000000
	-2269.000000 726.000000 -789.000000 1.000000

	*dmm077_12	-100	-150	-100		100	150	100
	-node_tm
	-0.933580 0.000000 -0.358368 0.000000
	0.000000 1.000000 0.000000 0.000000
	0.358368 0.000000 -0.933580 0.000000
	-2455.000000 726.000000 -862.000000 1.000000

	*dmm077_13	-100	-150	-100		100	150	100
	-node_tm
	-0.933580 0.000000 -0.358368 0.000000
	0.000000 1.000000 0.000000 0.000000
	0.358368 0.000000 -0.933580 0.000000
	-2641.000000 726.000000 -934.000000 1.000000

	*dmm077_14	-100	-150	-100		100	150	100
	-node_tm
	-0.933580 0.000000 -0.358368 0.000000
	0.000000 1.000000 0.000000 0.000000
	0.358368 0.000000 -0.933580 0.000000
	-2828.000000 726.000000 -1007.000000 1.000000

	*dmm077_15	-100	-150	-100		100	150	100
	-node_tm
	-0.933580 0.000000 -0.358368 0.000000
	0.000000 1.000000 0.000000 0.000000
	0.358368 0.000000 -0.933580 0.000000
	-2010.000000 726.000000 -903.000000 1.000000

	*dmm077_16	-100	-150	-100		100	150	100
	-node_tm
	-0.933580 0.000000 -0.358368 0.000000
	0.000000 1.000000 0.000000 0.000000
	0.358368 0.000000 -0.933580 0.000000
	-2196.000000 726.000000 -976.000000 1.000000

	*dmm077_17	-100	-150	-100		100	150	100
	-node_tm
	-0.933580 0.000000 -0.358368 0.000000
	0.000000 1.000000 0.000000 0.000000
	0.358368 0.000000 -0.933580 0.000000
	-2383.000000 726.000000 -1048.000000 1.000000

	*dmm077_18	-100	-150	-100		100	150	100
	-node_tm
	-0.933580 0.000000 -0.358368 0.000000
	0.000000 1.000000 0.000000 0.000000
	0.358368 0.000000 -0.933580 0.000000
	-2569.000000 726.000000 -1121.000000 1.000000

	*dmm077_19	-100	-150	-100		100	150	100
	-node_tm
	-0.933580 0.000000 -0.358368 0.000000
	0.000000 1.000000 0.000000 0.000000
	0.358368 0.000000 -0.933580 0.000000
	-3012.000000 726.000000 -1078.000000 1.000000

	*dmm078_0	-100	-150	-100		100	150	100
	-node_tm
	-0.933580 0.000000 -0.358368 0.000000
	0.000000 1.000000 0.000000 0.000000
	0.358368 0.000000 -0.933580 0.000000
	-1205.000000 761.000000 50.000000 1.000000

	*dmm078_1	-100	-150	-100		100	150	100
	-node_tm
	-0.933580 0.000000 -0.358368 0.000000
	0.000000 1.000000 0.000000 0.000000
	0.358368 0.000000 -0.933580 0.000000
	-1391.000000 756.000000 -22.000000 1.000000

	*dmm078_2	-100	-150	-100		100	150	100
	-node_tm
	-0.933580 0.000000 -0.358368 0.000000
	0.000000 1.000000 0.000000 0.000000
	0.358368 0.000000 -0.933580 0.000000
	-1577.000000 733.000000 -94.000000 1.000000

	*dmm078_5	-100	-150	-100		100	150	100
	-node_tm
	-0.933580 0.000000 -0.358368 0.000000
	0.000000 1.000000 0.000000 0.000000
	0.358368 0.000000 -0.933580 0.000000
	-1132.000000 779.000000 -136.000000 1.000000

	*dmm078_6	-100	-150	-100		100	150	100
	-node_tm
	-0.933580 0.000000 -0.358368 0.000000
	0.000000 1.000000 0.000000 0.000000
	0.358368 0.000000 -0.933580 0.000000
	-1319.000000 753.000000 -208.000000 1.000000

	*dmm078_7	-100	-150	-100		100	150	100
	-node_tm
	-0.933580 0.000000 -0.358368 0.000000
	0.000000 1.000000 0.000000 0.000000
	0.358368 0.000000 -0.933580 0.000000
	-1505.000000 733.000000 -281.000000 1.000000

	*dmm078_8	-100	-150	-100		100	150	100
	-node_tm
	-0.933580 0.000000 -0.358368 0.000000
	0.000000 1.000000 0.000000 0.000000
	0.358368 0.000000 -0.933580 0.000000
	-1692.000000 733.000000 -353.000000 1.000000

	*dmm078_9	-100	-150	-100		100	150	100
	-node_tm
	-0.933580 0.000000 -0.358368 0.000000
	0.000000 1.000000 0.000000 0.000000
	0.358368 0.000000 -0.933580 0.000000
	-1878.000000 733.000000 -426.000000 1.000000

	*dmm078_10	-100	-150	-100		100	150	100
	-node_tm
	-0.933580 0.000000 -0.358368 0.000000
	0.000000 1.000000 0.000000 0.000000
	0.358368 0.000000 -0.933580 0.000000
	-1060.000000 777.000000 -322.000000 1.000000

	*dmm078_11	-100	-150	-100		100	150	100
	-node_tm
	-0.933580 0.000000 -0.358368 0.000000
	0.000000 1.000000 0.000000 0.000000
	0.358368 0.000000 -0.933580 0.000000
	-1246.000000 755.000000 -395.000000 1.000000

	*dmm078_12	-100	-150	-100		100	150	100
	-node_tm
	-0.933580 0.000000 -0.358368 0.000000
	0.000000 1.000000 0.000000 0.000000
	0.358368 0.000000 -0.933580 0.000000
	-1433.000000 738.000000 -467.000000 1.000000

	*dmm078_13	-100	-150	-100		100	150	100
	-node_tm
	-0.933580 0.000000 -0.358368 0.000000
	0.000000 1.000000 0.000000 0.000000
	0.358368 0.000000 -0.933580 0.000000
	-1619.000000 733.000000 -540.000000 1.000000

	*dmm078_14	-100	-150	-100		100	150	100
	-node_tm
	-0.933580 0.000000 -0.358368 0.000000
	0.000000 1.000000 0.000000 0.000000
	0.358368 0.000000 -0.933580 0.000000
	-1806.000000 733.000000 -612.000000 1.000000

	*dmm078_16	-100	-150	-100		100	150	100
	-node_tm
	-0.933580 0.000000 -0.358368 0.000000
	0.000000 1.000000 0.000000 0.000000
	0.358368 0.000000 -0.933580 0.000000
	-1174.000000 789.000000 -581.000000 1.000000

	*dmm078_17	-100	-150	-100		100	150	100
	-node_tm
	-0.933580 0.000000 -0.358368 0.000000
	0.000000 1.000000 0.000000 0.000000
	0.358368 0.000000 -0.933580 0.000000
	-1360.000000 744.000000 -654.000000 1.000000

	*dmm079_0	-100	-150	-100		100	150	100
	-node_tm
	-0.017452 0.000000 -0.999848 0.000000
	0.000000 1.000000 0.000000 0.000000
	0.999848 0.000000 -0.017452 0.000000
	-148.000000 832.000000 -117.000000 1.000000

	*dmm079_1	-100	-150	-100		100	150	100
	-node_tm
	-0.017452 0.000000 -0.999848 0.000000
	0.000000 1.000000 0.000000 0.000000
	0.999848 0.000000 -0.017452 0.000000
	-151.000000 832.000000 82.000000 1.000000

	*dmm079_2	-100	-150	-100		100	150	100
	-node_tm
	-0.017452 0.000000 -0.999848 0.000000
	0.000000 1.000000 0.000000 0.000000
	0.999848 0.000000 -0.017452 0.000000
	-154.000000 834.000000 282.000000 1.000000

	*dmm079_3	-100	-150	-100		100	150	100
	-node_tm
	-0.017452 0.000000 -0.999848 0.000000
	0.000000 1.000000 0.000000 0.000000
	0.999848 0.000000 -0.017452 0.000000
	-157.000000 810.000000 482.000000 1.000000

	*dmm079_4	-100	-150	-100		100	150	100
	-node_tm
	-0.017452 0.000000 -0.999848 0.000000
	0.000000 1.000000 0.000000 0.000000
	0.999848 0.000000 -0.017452 0.000000
	-160.000000 778.000000 682.000000 1.000000

	*dmm079_5	-100	-150	-100		100	150	100
	-node_tm
	-0.017452 0.000000 -0.999848 0.000000
	0.000000 1.000000 0.000000 0.000000
	0.999848 0.000000 -0.017452 0.000000
	-348.000000 809.000000 -120.000000 1.000000

	*dmm079_6	-100	-150	-100		100	150	100
	-node_tm
	-0.017452 0.000000 -0.999848 0.000000
	0.000000 1.000000 0.000000 0.000000
	0.999848 0.000000 -0.017452 0.000000
	-351.000000 821.000000 79.000000 1.000000

	*dmm079_7	-100	-150	-100		100	150	100
	-node_tm
	-0.017452 0.000000 -0.999848 0.000000
	0.000000 1.000000 0.000000 0.000000
	0.999848 0.000000 -0.017452 0.000000
	-354.000000 818.000000 279.000000 1.000000

	*dmm079_8	-100	-150	-100		100	150	100
	-node_tm
	-0.017452 0.000000 -0.999848 0.000000
	0.000000 1.000000 0.000000 0.000000
	0.999848 0.000000 -0.017452 0.000000
	-357.000000 804.000000 479.000000 1.000000

	*dmm079_9	-100	-150	-100		100	150	100
	-node_tm
	-0.017452 0.000000 -0.999848 0.000000
	0.000000 1.000000 0.000000 0.000000
	0.999848 0.000000 -0.017452 0.000000
	-360.000000 781.000000 679.000000 1.000000

	*dmm079_10	-100	-150	-100		100	150	100
	-node_tm
	-0.017452 0.000000 -0.999848 0.000000
	0.000000 1.000000 0.000000 0.000000
	0.999848 0.000000 -0.017452 0.000000
	-548.000000 821.000000 -123.000000 1.000000

	*dmm079_11	-100	-150	-100		100	150	100
	-node_tm
	-0.017452 0.000000 -0.999848 0.000000
	0.000000 1.000000 0.000000 0.000000
	0.999848 0.000000 -0.017452 0.000000
	-551.000000 808.000000 76.000000 1.000000

	*dmm079_12	-100	-150	-100		100	150	100
	-node_tm
	-0.017452 0.000000 -0.999848 0.000000
	0.000000 1.000000 0.000000 0.000000
	0.999848 0.000000 -0.017452 0.000000
	-554.000000 786.000000 276.000000 1.000000

	*dmm079_13	-100	-150	-100		100	150	100
	-node_tm
	-0.017452 0.000000 -0.999848 0.000000
	0.000000 1.000000 0.000000 0.000000
	0.999848 0.000000 -0.017452 0.000000
	-557.000000 786.000000 476.000000 1.000000

	*dmm079_14	-100	-150	-100		100	150	100
	-node_tm
	-0.017452 0.000000 -0.999848 0.000000
	0.000000 1.000000 0.000000 0.000000
	0.999848 0.000000 -0.017452 0.000000
	-560.000000 786.000000 676.000000 1.000000

	*dmm079_15	-100	-150	-100		100	150	100
	-node_tm
	-0.017452 0.000000 -0.999848 0.000000
	0.000000 1.000000 0.000000 0.000000
	0.999848 0.000000 -0.017452 0.000000
	-748.000000 807.000000 -126.000000 1.000000

	*dmm079_16	-100	-150	-100		100	150	100
	-node_tm
	-0.017452 0.000000 -0.999848 0.000000
	0.000000 1.000000 0.000000 0.000000
	0.999848 0.000000 -0.017452 0.000000
	-751.000000 791.000000 73.000000 1.000000

	*dmm079_17	-100	-150	-100		100	150	100
	-node_tm
	-0.017452 0.000000 -0.999848 0.000000
	0.000000 1.000000 0.000000 0.000000
	0.999848 0.000000 -0.017452 0.000000
	-754.000000 790.000000 273.000000 1.000000

	*dmm079_18	-100	-150	-100		100	150	100
	-node_tm
	-0.017452 0.000000 -0.999848 0.000000
	0.000000 1.000000 0.000000 0.000000
	0.999848 0.000000 -0.017452 0.000000
	-757.000000 787.000000 473.000000 1.000000

	*dmm079_19	-100	-150	-100		100	150	100
	-node_tm
	-0.017452 0.000000 -0.999848 0.000000
	0.000000 1.000000 0.000000 0.000000
	0.999848 0.000000 -0.017452 0.000000
	-760.000000 788.000000 673.000000 1.000000

	*dmm0711_0	-100	-150	-100		100	150	100
	-node_tm
	0.999848 0.000000 -0.017452 0.000000
	0.000000 1.000000 0.000000 0.000000
	0.017452 0.000000 0.999848 0.000000
	-973.000000 755.000000 2044.000000 1.000000

	*dmm0711_1	-100	-150	-100		100	150	100
	-node_tm
	0.999848 0.000000 -0.017452 0.000000
	0.000000 1.000000 0.000000 0.000000
	0.017452 0.000000 0.999848 0.000000
	-773.000000 748.000000 2049.000000 1.000000

	*dmm0711_2	-100	-150	-100		100	150	100
	-node_tm
	0.999848 0.000000 -0.017452 0.000000
	0.000000 1.000000 0.000000 0.000000
	0.017452 0.000000 0.999848 0.000000
	-655.000000 748.000000 2058.000000 1.000000

	*dmm0711_3	-100	-150	-100		100	150	100
	-node_tm
	0.999848 0.000000 -0.017452 0.000000
	0.000000 1.000000 0.000000 0.000000
	0.017452 0.000000 0.999848 0.000000
	-510.000000 748.000000 2107.000000 1.000000

	*dmm0711_4	-100	-150	-100		100	150	100
	-node_tm
	0.999848 0.000000 -0.017452 0.000000
	0.000000 1.000000 0.000000 0.000000
	0.017452 0.000000 0.999848 0.000000
	-483.000000 763.000000 2157.000000 1.000000

	*dmm0711_6	-100	-150	-100		100	150	100
	-node_tm
	0.999848 0.000000 -0.017452 0.000000
	0.000000 1.000000 0.000000 0.000000
	0.017452 0.000000 0.999848 0.000000
	-778.000000 752.000000 2249.000000 1.000000

	*dmm0711_7	-100	-150	-100		100	150	100
	-node_tm
	0.999848 0.000000 -0.017452 0.000000
	0.000000 1.000000 0.000000 0.000000
	0.017452 0.000000 0.999848 0.000000
	-578.000000 748.000000 2254.000000 1.000000

	*dmm0711_8	-100	-150	-100		100	150	100
	-node_tm
	0.999848 0.000000 -0.017452 0.000000
	0.000000 1.000000 0.000000 0.000000
	0.017452 0.000000 0.999848 0.000000
	-378.000000 748.000000 2259.000000 1.000000

	*dmm0711_9	-100	-150	-100		100	150	100
	-node_tm
	0.999848 0.000000 -0.017452 0.000000
	0.000000 1.000000 0.000000 0.000000
	0.017452 0.000000 0.999848 0.000000
	-348.000000 782.000000 2369.000000 1.000000

	*dmm0712_2	-100	-150	-100		100	150	100
	-node_tm
	-0.017452 0.000000 -0.999848 0.000000
