script_begin


[HelperObjectBegin]

	*dpgoto_neutralcs2_town	-100	-150	-100		100	150	100
	-node_tm
	0.438371 0.000000 -0.898794 0.000000
	0.000000 1.000000 0.000000 0.000000
	0.898794 0.000000 0.438371 0.000000
	-12004.000000 -1187.000000 -6926.000000 1.000000

	*dpgoto_cora_HQ	-100	-150	-100		100	150	100
	-node_tm
	0.438371 0.000000 -0.898794 0.000000
	0.000000 1.000000 0.000000 0.000000
	0.898794 0.000000 0.438371 0.000000
	-12004.000000 -1187.000000 -6926.000000 1.000000

	*dpgoto_resources	-100	-150	-100		100	150	100
	-node_tm
	0.438371 0.000000 -0.898794 0.000000
	0.000000 1.000000 0.000000 0.000000
	0.898794 0.000000 0.438371 0.000000
	-12004.000000 -1187.000000 -6926.000000 1.000000

	*dpgoto_neutralas2	-106	-55	-74		106	55	74
	-node_tm
	1.000000 0.000000 -0.000000 0.000000
	0.000000 1.000000 0.000000 0.000000
	0.000000 0.000000 1.000000 0.000000
	-13765.000000 -1079.000000 -6366.000000 1.000000

	*dpgoto_neutralc	-208	-106	-263		208	106	263
	-node_tm
	1.000000 0.000000 -0.000000 0.000000
	0.000000 1.000000 0.000000 0.000000
	0.000000 0.000000 1.000000 0.000000
	4284.000000 -1523.000000 -8238.000000 1.000000

	*dpgoto_neutralcs2a	-127	-102	-165		127	102	165
	-node_tm
	1.000000 0.000000 -0.000000 0.000000
	0.000000 1.000000 0.000000 0.000000
	0.000000 0.000000 1.000000 0.000000
	-3783.000000 -1519.000000 1308.000000 1.000000

	*dpgoto_neutralcs2b	-138	-102	-121		138	102	121
	-node_tm
	1.000000 0.000000 -0.000000 0.000000
	0.000000 1.000000 0.000000 0.000000
	0.000000 0.000000 1.000000 0.000000
	6408.000000 -1898.000000 1036.000000 1.000000

	*dpgoto_neutralcs2c	-242	-102	-112		242	102	112
	-node_tm
	1.000000 0.000000 -0.000000 0.000000
	0.000000 1.000000 0.000000 0.000000
	0.000000 0.000000 1.000000 0.000000
	9801.000000 -1956.000000 1636.000000 1.000000

	*dpgoto_resources_road	-123	-279	-170		123	279	170
	-node_tm
	1.000000 0.000000 -0.000000 0.000000
	0.000000 1.000000 0.000000 0.000000
	0.000000 0.000000 1.000000 0.000000
	-6560.000000 -1764.000000 -3938.000000 1.000000

	*dpfrom_resources_road	-117	-279	-90		117	279	90
	-node_tm
	1.000000 0.000000 -0.000000 0.000000
	0.000000 1.000000 0.000000 0.000000
	0.000000 0.000000 1.000000 0.000000
	-6291.000000 -1696.000000 -4125.000000 1.000000

	*dpfrom_neutralas2	-76	-55	-62		76	55	62
	-node_tm
	1.000000 0.000000 -0.000000 0.000000
	0.000000 1.000000 0.000000 0.000000
	0.000000 0.000000 1.000000 0.000000
	-13551.000000 -1099.000000 -6358.000000 1.000000

	*dpfrom_neutralc	-127	-102	-165		127	102	165
	-node_tm
	1.000000 0.000000 -0.000000 0.000000
	0.000000 1.000000 0.000000 0.000000
	0.000000 0.000000 1.000000 0.000000
	3797.000000 -1590.000000 -8139.000000 1.000000

	*dpfrom_neutralcs2a	-95	-102	-159		95	102	159
	-node_tm
	1.000000 0.000000 -0.000000 0.000000
	0.000000 1.000000 0.000000 0.000000
	0.000000 0.000000 1.000000 0.000000
	-3621.000000 -1604.000000 960.000000 1.000000

	*dpfrom_neutralcs2b	-100	-102	-109		100	102	109
	-node_tm
	1.000000 0.000000 -0.000000 0.000000
	0.000000 1.000000 0.000000 0.000000
	0.000000 0.000000 1.000000 0.000000
	6539.000000 -1924.000000 778.000000 1.000000

	*dpfrom_neutralcs2c	-93	-102	-97		93	102	97
	-node_tm
	1.000000 0.000000 -0.000000 0.000000
	0.000000 1.000000 0.000000 0.000000
	0.000000 0.000000 1.000000 0.000000
	9940.000000 -1940.000000 1321.000000 1.000000

	*dpfrom_town	-113	-150	-77		113	150	77
	-node_tm
	0.694658 0.000000 -0.719340 0.000000
	0.000000 1.000000 0.000000 0.000000
	0.719340 0.000000 0.694658 0.000000
	-11304.000000 -995.000000 -5432.000000 1.000000

	*dmm071_1	-100	-150	-100		100	150	100
	-node_tm
	0.999391 0.000000 -0.034899 0.000000
	0.000000 1.000000 0.000000 0.000000
	0.034899 0.000000 0.999391 0.000000
	-13147.000000 -1263.000000 -8657.000000 1.000000

	*dmm071_2	-100	-150	-100		100	150	100
	-node_tm
	0.999391 0.000000 -0.034899 0.000000
	0.000000 1.000000 0.000000 0.000000
	0.034899 0.000000 0.999391 0.000000
	-12948.000000 -1300.000000 -8664.000000 1.000000

	*dmm071_3	-100	-150	-100		100	150	100
	-node_tm
	0.999391 0.000000 -0.034899 0.000000
	0.000000 1.000000 0.000000 0.000000
	0.034899 0.000000 0.999391 0.000000
	-12748.000000 -1332.000000 -8671.000000 1.000000

	*dmm071_4	-100	-150	-100		100	150	100
	-node_tm
	0.999391 0.000000 -0.034899 0.000000
	0.000000 1.000000 0.000000 0.000000
	0.034899 0.000000 0.999391 0.000000
	-12548.000000 -1332.000000 -8677.000000 1.000000

	*dmm071_5	-100	-150	-100		100	150	100
	-node_tm
	0.999391 0.000000 -0.034899 0.000000
	0.000000 1.000000 0.000000 0.000000
	0.034899 0.000000 0.999391 0.000000
	-13341.000000 -1255.000000 -8451.000000 1.000000

	*dmm071_6	-100	-150	-100		100	150	100
	-node_tm
	0.999391 0.000000 -0.034899 0.000000
	0.000000 1.000000 0.000000 0.000000
	0.034899 0.000000 0.999391 0.000000
	-13141.000000 -1252.000000 -8457.000000 1.000000

	*dmm071_7	-100	-150	-100		100	150	100
	-node_tm
	0.999391 0.000000 -0.034899 0.000000
	0.000000 1.000000 0.000000 0.000000
	0.034899 0.000000 0.999391 0.000000
	-12941.000000 -1291.000000 -8464.000000 1.000000

	*dmm071_8	-100	-150	-100		100	150	100
	-node_tm
	0.999391 0.000000 -0.034899 0.000000
	0.000000 1.000000 0.000000 0.000000
	0.034899 0.000000 0.999391 0.000000
	-12741.000000 -1332.000000 -8471.000000 1.000000

	*dmm071_9	-100	-150	-100		100	150	100
	-node_tm
	0.999391 0.000000 -0.034899 0.000000
	0.000000 1.000000 0.000000 0.000000
	0.034899 0.000000 0.999391 0.000000
	-12541.000000 -1332.000000 -8477.000000 1.000000

	*dmm071_10	-100	-150	-100		100	150	100
	-node_tm
	0.999391 0.000000 -0.034899 0.000000
	0.000000 1.000000 0.000000 0.000000
	0.034899 0.000000 0.999391 0.000000
	-13334.000000 -1236.000000 -8251.000000 1.000000

	*dmm071_11	-100	-150	-100		100	150	100
	-node_tm
	0.999391 0.000000 -0.034899 0.000000
	0.000000 1.000000 0.000000 0.000000
	0.034899 0.000000 0.999391 0.000000
	-13134.000000 -1248.000000 -8257.000000 1.000000

	*dmm071_12	-100	-150	-100		100	150	100
	-node_tm
	0.999391 0.000000 -0.034899 0.000000
	0.000000 1.000000 0.000000 0.000000
	0.034899 0.000000 0.999391 0.000000
	-12934.000000 -1240.000000 -8264.000000 1.000000

	*dmm071_13	-100	-150	-100		100	150	100
	-node_tm
	0.999391 0.000000 -0.034899 0.000000
	0.000000 1.000000 0.000000 0.000000
	0.034899 0.000000 0.999391 0.000000
	-12734.000000 -1332.000000 -8271.000000 1.000000

	*dmm071_14	-100	-150	-100		100	150	100
	-node_tm
	0.999391 0.000000 -0.034899 0.000000
	0.000000 1.000000 0.000000 0.000000
	0.034899 0.000000 0.999391 0.000000
	-12534.000000 -1332.000000 -8278.000000 1.000000

	*dmm071_15	-100	-150	-100		100	150	100
	-node_tm
	0.999391 0.000000 -0.034899 0.000000
	0.000000 1.000000 0.000000 0.000000
	0.034899 0.000000 0.999391 0.000000
	-13327.000000 -1210.000000 -8051.000000 1.000000

	*dmm071_16	-100	-150	-100		100	150	100
	-node_tm
	0.999391 0.000000 -0.034899 0.000000
	0.000000 1.000000 0.000000 0.000000
	0.034899 0.000000 0.999391 0.000000
	-13127.000000 -1212.000000 -8058.000000 1.000000

	*dmm071_17	-100	-150	-100		100	150	100
	-node_tm
	0.999391 0.000000 -0.034899 0.000000
	0.000000 1.000000 0.000000 0.000000
	0.034899 0.000000 0.999391 0.000000
	-12927.000000 -1240.000000 -8064.000000 1.000000

	*dmm071_18	-100	-150	-100		100	150	100
	-node_tm
	0.999391 0.000000 -0.034899 0.000000
	0.000000 1.000000 0.000000 0.000000
	0.034899 0.000000 0.999391 0.000000
	-12728.000000 -1254.000000 -8071.000000 1.000000

	*dmm071_19	-100	-150	-100		100	150	100
	-node_tm
	0.999391 0.000000 -0.034899 0.000000
	0.000000 1.000000 0.000000 0.000000
	0.034899 0.000000 0.999391 0.000000
	-12528.000000 -1332.000000 -8078.000000 1.000000

	*dmm072_0	-100	-150	-100		100	150	100
	-node_tm
	0.999391 0.000000 -0.034899 0.000000
	0.000000 1.000000 0.000000 0.000000
	0.034899 0.000000 0.999391 0.000000
	-12110.000000 -1262.000000 -8683.000000 1.000000

	*dmm072_1	-100	-150	-100		100	150	100
	-node_tm
	0.999391 0.000000 -0.034899 0.000000
	0.000000 1.000000 0.000000 0.000000
	0.034899 0.000000 0.999391 0.000000
	-11910.000000 -1261.000000 -8690.000000 1.000000

	*dmm072_2	-100	-150	-100		100	150	100
	-node_tm
	0.999391 0.000000 -0.034899 0.000000
	0.000000 1.000000 0.000000 0.000000
	0.034899 0.000000 0.999391 0.000000
	-11710.000000 -1262.000000 -8697.000000 1.000000

	*dmm072_3	-100	-150	-100		100	150	100
	-node_tm
	0.999391 0.000000 -0.034899 0.000000
	0.000000 1.000000 0.000000 0.000000
	0.034899 0.000000 0.999391 0.000000
	-11510.000000 -1256.000000 -8703.000000 1.000000

	*dmm072_4	-100	-150	-100		100	150	100
	-node_tm
	0.999391 0.000000 -0.034899 0.000000
	0.000000 1.000000 0.000000 0.000000
	0.034899 0.000000 0.999391 0.000000
	-11310.000000 -1257.000000 -8710.000000 1.000000

	*dmm072_5	-100	-150	-100		100	150	100
	-node_tm
	0.999391 0.000000 -0.034899 0.000000
	0.000000 1.000000 0.000000 0.000000
	0.034899 0.000000 0.999391 0.000000
	-12103.000000 -1263.000000 -8483.000000 1.000000

	*dmm072_6	-100	-150	-100		100	150	100
	-node_tm
	0.999391 0.000000 -0.034899 0.000000
	0.000000 1.000000 0.000000 0.000000
	0.034899 0.000000 0.999391 0.000000
	-11903.000000 -1259.000000 -8490.000000 1.000000

	*dmm072_7	-100	-150	-100		100	150	100
	-node_tm
	0.999391 0.000000 -0.034899 0.000000
	0.000000 1.000000 0.000000 0.000000
	0.034899 0.000000 0.999391 0.000000
	-11703.000000 -1256.000000 -8497.000000 1.000000

	*dmm072_8	-100	-150	-100		100	150	100
	-node_tm
	0.999391 0.000000 -0.034899 0.000000
	0.000000 1.000000 0.000000 0.000000
	0.034899 0.000000 0.999391 0.000000
	-11504.000000 -1261.000000 -8503.000000 1.000000

	*dmm072_9	-100	-150	-100		100	150	100
	-node_tm
	0.999391 0.000000 -0.034899 0.000000
	0.000000 1.000000 0.000000 0.000000
	0.034899 0.000000 0.999391 0.000000
	-11304.000000 -1256.000000 -8510.000000 1.000000

	*dmm072_10	-100	-150	-100		100	150	100
	-node_tm
	0.999391 0.000000 -0.034899 0.000000
	0.000000 1.000000 0.000000 0.000000
	0.034899 0.000000 0.999391 0.000000
	-12096.000000 -1264.000000 -8283.000000 1.000000

	*dmm072_11	-100	-150	-100		100	150	100
	-node_tm
	0.999391 0.000000 -0.034899 0.000000
	0.000000 1.000000 0.000000 0.000000
	0.034899 0.000000 0.999391 0.000000
	-11897.000000 -1267.000000 -8290.000000 1.000000

	*dmm072_12	-100	-150	-100		100	150	100
	-node_tm
	0.999391 0.000000 -0.034899 0.000000
	0.000000 1.000000 0.000000 0.000000
	0.034899 0.000000 0.999391 0.000000
	-11697.000000 -1254.000000 -8297.000000 1.000000

	*dmm072_13	-100	-150	-100		100	150	100
	-node_tm
	0.999391 0.000000 -0.034899 0.000000
	0.000000 1.000000 0.000000 0.000000
	0.034899 0.000000 0.999391 0.000000
	-11497.000000 -1256.000000 -8304.000000 1.000000

	*dmm072_14	-100	-150	-100		100	150	100
	-node_tm
	0.999391 0.000000 -0.034899 0.000000
	0.000000 1.000000 0.000000 0.000000
	0.034899 0.000000 0.999391 0.000000
	-11297.000000 -1219.000000 -8310.000000 1.000000

	*dmm072_15	-100	-150	-100		100	150	100
	-node_tm
	0.999391 0.000000 -0.034899 0.000000
	0.000000 1.000000 0.000000 0.000000
	0.034899 0.000000 0.999391 0.000000
	-12090.000000 -1263.000000 -8084.000000 1.000000

	*dmm072_16	-100	-150	-100		100	150	100
	-node_tm
	0.999391 0.000000 -0.034899 0.000000
	0.000000 1.000000 0.000000 0.000000
	0.034899 0.000000 0.999391 0.000000
	-11890.000000 -1257.000000 -8090.000000 1.000000

	*dmm072_17	-100	-150	-100		100	150	100
	-node_tm
	0.999391 0.000000 -0.034899 0.000000
	0.000000 1.000000 0.000000 0.000000
	0.034899 0.000000 0.999391 0.000000
	-11690.000000 -1255.000000 -8097.000000 1.000000

	*dmm072_18	-100	-150	-100		100	150	100
	-node_tm
	0.999391 0.000000 -0.034899 0.000000
	0.000000 1.000000 0.000000 0.000000
	0.034899 0.000000 0.999391 0.000000
	-11490.000000 -1250.000000 -8104.000000 1.000000

	*dmm072_19	-100	-150	-100		100	150	100
	-node_tm
	0.999391 0.000000 -0.034899 0.000000
	0.000000 1.000000 0.000000 0.000000
	0.034899 0.000000 0.999391 0.000000
	-11290.000000 -1211.000000 -8110.000000 1.000000

	*dmm073_0	-100	-150	-100		100	150	100
	-node_tm
	0.999391 0.000000 -0.034899 0.000000
	0.000000 1.000000 0.000000 0.000000
	0.034899 0.000000 0.999391 0.000000
	-13368.000000 -1125.000000 -9766.000000 1.000000

	*dmm073_1	-100	-150	-100		100	150	100
	-node_tm
	0.999391 0.000000 -0.034899 0.000000
	0.000000 1.000000 0.000000 0.000000
	0.034899 0.000000 0.999391 0.000000
	-13168.000000 -1140.000000 -9773.000000 1.000000

	*dmm073_2	-100	-150	-100		100	150	100
	-node_tm
	0.999391 0.000000 -0.034899 0.000000
	0.000000 1.000000 0.000000 0.000000
	0.034899 0.000000 0.999391 0.000000
	-12968.000000 -1133.000000 -9780.000000 1.000000

	*dmm073_3	-100	-150	-100		100	150	100
	-node_tm
	0.999391 0.000000 -0.034899 0.000000
	0.000000 1.000000 0.000000 0.000000
	0.034899 0.000000 0.999391 0.000000
	-12768.000000 -1118.000000 -9786.000000 1.000000

	*dmm073_4	-100	-150	-100		100	150	100
	-node_tm
	0.999391 0.000000 -0.034899 0.000000
	0.000000 1.000000 0.000000 0.000000
	0.034899 0.000000 0.999391 0.000000
	-12568.000000 -1241.000000 -9793.000000 1.000000

	*dmm073_5	-100	-150	-100		100	150	100
	-node_tm
	0.999391 0.000000 -0.034899 0.000000
	0.000000 1.000000 0.000000 0.000000
	0.034899 0.000000 0.999391 0.000000
	-13361.000000 -1146.000000 -9566.000000 1.000000

	*dmm073_6	-100	-150	-100		100	150	100
	-node_tm
	0.999391 0.000000 -0.034899 0.000000
	0.000000 1.000000 0.000000 0.000000
	0.034899 0.000000 0.999391 0.000000
	-13161.000000 -1142.000000 -9573.000000 1.000000

	*dmm073_7	-100	-150	-100		100	150	100
	-node_tm
	0.999391 0.000000 -0.034899 0.000000
	0.000000 1.000000 0.000000 0.000000
	0.034899 0.000000 0.999391 0.000000
	-12961.000000 -1139.000000 -9580.000000 1.000000

	*dmm073_8	-100	-150	-100		100	150	100
	-node_tm
	0.999391 0.000000 -0.034899 0.000000
	0.000000 1.000000 0.000000 0.000000
	0.034899 0.000000 0.999391 0.000000
	-12761.000000 -1143.000000 -9586.000000 1.000000

	*dmm073_9	-100	-150	-100		100	150	100
	-node_tm
	0.999391 0.000000 -0.034899 0.000000
	0.000000 1.000000 0.000000 0.000000
	0.034899 0.000000 0.999391 0.000000
	-12562.000000 -1241.000000 -9593.000000 1.000000

	*dmm073_10	-100	-150	-100		100	150	100
	-node_tm
	0.999391 0.000000 -0.034899 0.000000
	0.000000 1.000000 0.000000 0.000000
	0.034899 0.000000 0.999391 0.000000
	-13354.000000 -1192.000000 -9366.000000 1.000000

	*dmm073_11	-100	-150	-100		100	150	100
	-node_tm
	0.999391 0.000000 -0.034899 0.000000
	0.000000 1.000000 0.000000 0.000000
	0.034899 0.000000 0.999391 0.000000
	-13154.000000 -1198.000000 -9373.000000 1.000000

	*dmm073_12	-100	-150	-100		100	150	100
	-node_tm
	0.999391 0.000000 -0.034899 0.000000
	0.000000 1.000000 0.000000 0.000000
	0.034899 0.000000 0.999391 0.000000
	-12955.000000 -1175.000000 -9380.000000 1.000000

	*dmm073_13	-100	-150	-100		100	150	100
	-node_tm
	0.999391 0.000000 -0.034899 0.000000
	0.000000 1.000000 0.000000 0.000000
	0.034899 0.000000 0.999391 0.000000
	-12755.000000 -1134.000000 -9387.000000 1.000000

	*dmm073_14	-100	-150	-100		100	150	100
	-node_tm
	0.999391 0.000000 -0.034899 0.000000
	0.000000 1.000000 0.000000 0.000000
	0.034899 0.000000 0.999391 0.000000
	-12555.000000 -1241.000000 -9393.000000 1.000000

	*dmm073_15	-100	-150	-100		100	150	100
	-node_tm
	0.999391 0.000000 -0.034899 0.000000
	0.000000 1.000000 0.000000 0.000000
	0.034899 0.000000 0.999391 0.000000
	-13348.000000 -1177.000000 -9167.000000 1.000000

	*dmm073_16	-100	-150	-100		100	150	100
	-node_tm
	0.999391 0.000000 -0.034899 0.000000
	0.000000 1.000000 0.000000 0.000000
	0.034899 0.000000 0.999391 0.000000
	-13148.000000 -1210.000000 -9173.000000 1.000000

	*dmm073_17	-100	-150	-100		100	150	100
	-node_tm
	0.999391 0.000000 -0.034899 0.000000
	0.000000 1.000000 0.000000 0.000000
	0.034899 0.000000 0.999391 0.000000
	-12948.000000 -1212.000000 -9180.000000 1.000000

	*dmm073_18	-100	-150	-100		100	150	100
	-node_tm
	0.999391 0.000000 -0.034899 0.000000
	0.000000 1.000000 0.000000 0.000000
	0.034899 0.000000 0.999391 0.000000
	-12748.000000 -1203.000000 -9187.000000 1.000000

	*dmm073_19	-100	-150	-100		100	150	100
	-node_tm
	0.999391 0.000000 -0.034899 0.000000
	0.000000 1.000000 0.000000 0.000000
	0.034899 0.000000 0.999391 0.000000
	-12548.000000 -1292.000000 -9193.000000 1.000000

	*dmm074_0	-100	-150	-100		100	150	100
	-node_tm
	0.999391 0.000000 -0.034899 0.000000
	0.000000 1.000000 0.000000 0.000000
	0.034899 0.000000 0.999391 0.000000
	-12123.000000 -1394.000000 -9838.000000 1.000000

	*dmm074_1	-100	-150	-100		100	150	100
	-node_tm
	0.999391 0.000000 -0.034899 0.000000
	0.000000 1.000000 0.000000 0.000000
	0.034899 0.000000 0.999391 0.000000
	-11923.000000 -1394.000000 -9845.000000 1.000000

	*dmm074_2	-100	-150	-100		100	150	100
	-node_tm
	0.999391 0.000000 -0.034899 0.000000
	0.000000 1.000000 0.000000 0.000000
	0.034899 0.000000 0.999391 0.000000
	-11723.000000 -1394.000000 -9851.000000 1.000000

	*dmm074_3	-100	-150	-100		100	150	100
	-node_tm
	0.999391 0.000000 -0.034899 0.000000
	0.000000 1.000000 0.000000 0.000000
	0.034899 0.000000 0.999391 0.000000
	-11523.000000 -1394.000000 -9858.000000 1.000000

	*dmm074_4	-100	-150	-100		100	150	100
	-node_tm
	0.999391 0.000000 -0.034899 0.000000
	0.000000 1.000000 0.000000 0.000000
	0.034899 0.000000 0.999391 0.000000
	-11323.000000 -1394.000000 -9865.000000 1.000000

	*dmm074_5	-100	-150	-100		100	150	100
	-node_tm
	0.999391 0.000000 -0.034899 0.000000
	0.000000 1.000000 0.000000 0.000000
	0.034899 0.000000 0.999391 0.000000
	-12116.000000 -1394.000000 -9638.000000 1.000000

	*dmm074_6	-100	-150	-100		100	150	100
	-node_tm
	0.999391 0.000000 -0.034899 0.000000
	0.000000 1.000000 0.000000 0.000000
	0.034899 0.000000 0.999391 0.000000
	-11916.000000 -1394.000000 -9645.000000 1.000000

	*dmm074_7	-100	-150	-100		100	150	100
	-node_tm
	0.999391 0.000000 -0.034899 0.000000
	0.000000 1.000000 0.000000 0.000000
	0.034899 0.000000 0.999391 0.000000
	-11716.000000 -1394.000000 -9651.000000 1.000000

	*dmm074_8	-100	-150	-100		100	150	100
	-node_tm
	0.999391 0.000000 -0.034899 0.000000
	0.000000 1.000000 0.000000 0.000000
	0.034899 0.000000 0.999391 0.000000
	-11516.000000 -1394.000000 -9658.000000 1.000000

	*dmm074_9	-100	-150	-100		100	150	100
	-node_tm
	0.999391 0.000000 -0.034899 0.000000
	0.000000 1.000000 0.000000 0.000000
	0.034899 0.000000 0.999391 0.000000
	-11316.000000 -1394.000000 -9665.000000 1.000000

	*dmm074_10	-100	-150	-100		100	150	100
	-node_tm
	0.999391 0.000000 -0.034899 0.000000
	0.000000 1.000000 0.000000 0.000000
	0.034899 0.000000 0.999391 0.000000
	-12109.000000 -1394.000000 -9438.000000 1.000000

	*dmm074_11	-100	-150	-100		100	150	100
	-node_tm
	0.999391 0.000000 -0.034899 0.000000
	0.000000 1.000000 0.000000 0.000000
	0.034899 0.000000 0.999391 0.000000
	-11909.000000 -1394.000000 -9445.000000 1.000000

	*dmm074_12	-100	-150	-100		100	150	100
	-node_tm
	0.999391 0.000000 -0.034899 0.000000
	0.000000 1.000000 0.000000 0.000000
	0.034899 0.000000 0.999391 0.000000
	-11710.000000 -1394.000000 -9452.000000 1.000000

	*dmm074_13	-100	-150	-100		100	150	100
	-node_tm
	0.999391 0.000000 -0.034899 0.000000
	0.000000 1.000000 0.000000 0.000000
	0.034899 0.000000 0.999391 0.000000
	-11510.000000 -1394.000000 -9458.000000 1.000000

	*dmm074_14	-100	-150	-100		100	150	100
	-node_tm
	0.999391 0.000000 -0.034899 0.000000
	0.000000 1.000000 0.000000 0.000000
	0.034899 0.000000 0.999391 0.000000
	-11310.000000 -1394.000000 -9465.000000 1.000000

	*dmm074_15	-100	-150	-100		100	150	100
	-node_tm
	0.999391 0.000000 -0.034899 0.000000
	0.000000 1.000000 0.000000 0.000000
	0.034899 0.000000 0.999391 0.000000
	-12103.000000 -1394.000000 -9238.000000 1.000000

	*dmm074_16	-100	-150	-100		100	150	100
	-node_tm
	0.999391 0.000000 -0.034899 0.000000
	0.000000 1.000000 0.000000 0.000000
	0.034899 0.000000 0.999391 0.000000
	-11903.000000 -1394.000000 -9245.000000 1.000000

	*dmm074_17	-100	-150	-100		100	150	100
	-node_tm
	0.999391 0.000000 -0.034899 0.000000
	0.000000 1.000000 0.000000 0.000000
	0.034899 0.000000 0.999391 0.000000
	-11703.000000 -1394.000000 -9252.000000 1.000000

	*dmm074_18	-100	-150	-100		100	150	100
	-node_tm
	0.999391 0.000000 -0.034899 0.000000
	0.000000 1.000000 0.000000 0.000000
	0.034899 0.000000 0.999391 0.000000
	-11503.000000 -1394.000000 -9258.000000 1.000000

	*dmm074_19	-100	-150	-100		100	150	100
	-node_tm
	0.999391 0.000000 -0.034899 0.000000
	0.000000 1.000000 0.000000 0.000000
	0.034899 0.000000 0.999391 0.000000
	-11303.000000 -1394.000000 -9265.000000 1.000000

	*dmm075_0	-100	-150	-100		100	150	100
	-node_tm
	0.999391 0.000000 -0.034899 0.000000
	0.000000 1.000000 0.000000 0.000000
	0.034899 0.000000 0.999391 0.000000
	-13417.000000 -1238.000000 -10852.000000 1.000000

	*dmm075_1	-100	-150	-100		100	150	100
	-node_tm
	0.999391 0.000000 -0.034899 0.000000
	0.000000 1.000000 0.000000 0.000000
	0.034899 0.000000 0.999391 0.000000
	-13217.000000 -1298.000000 -10859.000000 1.000000

	*dmm075_2	-100	-150	-100		100	150	100
	-node_tm
	0.999391 0.000000 -0.034899 0.000000
	0.000000 1.000000 0.000000 0.000000
	0.034899 0.000000 0.999391 0.000000
	-13017.000000 -1298.000000 -10865.000000 1.000000

	*dmm075_3	-100	-150	-100		100	150	100
	-node_tm
	0.999391 0.000000 -0.034899 0.000000
	0.000000 1.000000 0.000000 0.000000
	0.034899 0.000000 0.999391 0.000000
	-12817.000000 -1298.000000 -10872.000000 1.000000

	*dmm075_4	-100	-150	-100		100	150	100
	-node_tm
	0.999391 0.000000 -0.034899 0.000000
	0.000000 1.000000 0.000000 0.000000
	0.034899 0.000000 0.999391 0.000000
	-12617.000000 -1253.000000 -10879.000000 1.000000

	*dmm075_5	-100	-150	-100		100	150	100
	-node_tm
	0.999391 0.000000 -0.034899 0.000000
	0.000000 1.000000 0.000000 0.000000
	0.034899 0.000000 0.999391 0.000000
	-13410.000000 -1298.000000 -10652.000000 1.000000

	*dmm075_6	-100	-150	-100		100	150	100
	-node_tm
	0.999391 0.000000 -0.034899 0.000000
	0.000000 1.000000 0.000000 0.000000
	0.034899 0.000000 0.999391 0.000000
	-13210.000000 -1298.000000 -10659.000000 1.000000

	*dmm075_7	-100	-150	-100		100	150	100
	-node_tm
	0.999391 0.000000 -0.034899 0.000000
	0.000000 1.000000 0.000000 0.000000
	0.034899 0.000000 0.999391 0.000000
	-13011.000000 -1298.000000 -10666.000000 1.000000

	*dmm075_8	-100	-150	-100		100	150	100
	-node_tm
	0.999391 0.000000 -0.034899 0.000000
	0.000000 1.000000 0.000000 0.000000
	0.034899 0.000000 0.999391 0.000000
	-12811.000000 -1298.000000 -10672.000000 1.000000

	*dmm075_9	-100	-150	-100		100	150	100
	-node_tm
	0.999391 0.000000 -0.034899 0.000000
	0.000000 1.000000 0.000000 0.000000
	0.034899 0.000000 0.999391 0.000000
	-12611.000000 -1298.000000 -10679.000000 1.000000

	*dmm075_10	-100	-150	-100		100	150	100
	-node_tm
	0.999391 0.000000 -0.034899 0.000000
	0.000000 1.000000 0.000000 0.000000
	0.034899 0.000000 0.999391 0.000000
	-13404.000000 -1267.000000 -10452.000000 1.000000

	*dmm075_11	-100	-150	-100		100	150	100
	-node_tm
	0.999391 0.000000 -0.034899 0.000000
	0.000000 1.000000 0.000000 0.000000
	0.034899 0.000000 0.999391 0.000000
	-13204.000000 -1298.000000 -10459.000000 1.000000

	*dmm075_12	-100	-150	-100		100	150	100
	-node_tm
	0.999391 0.000000 -0.034899 0.000000
	0.000000 1.000000 0.000000 0.000000
	0.034899 0.000000 0.999391 0.000000
	-13004.000000 -1298.000000 -10466.000000 1.000000

	*dmm075_13	-100	-150	-100		100	150	100
	-node_tm
	0.999391 0.000000 -0.034899 0.000000
	0.000000 1.000000 0.000000 0.000000
	0.034899 0.000000 0.999391 0.000000
	-12804.000000 -1298.000000 -10472.000000 1.000000

	*dmm075_14	-100	-150	-100		100	150	100
	-node_tm
	0.999391 0.000000 -0.034899 0.000000
	0.000000 1.000000 0.000000 0.000000
	0.034899 0.000000 0.999391 0.000000
	-12604.000000 -1298.000000 -10479.000000 1.000000

	*dmm075_15	-100	-150	-100		100	150	100
	-node_tm
	0.999391 0.000000 -0.034899 0.000000
	0.000000 1.000000 0.000000 0.000000
	0.034899 0.000000 0.999391 0.000000
	-13397.000000 -1198.000000 -10252.000000 1.000000

	*dmm075_16	-100	-150	-100		100	150	100
	-node_tm
	0.999391 0.000000 -0.034899 0.000000
	0.000000 1.000000 0.000000 0.000000
	0.034899 0.000000 0.999391 0.000000
	-13197.000000 -1234.000000 -10259.000000 1.000000

	*dmm075_17	-100	-150	-100		100	150	100
	-node_tm
	0.999391 0.000000 -0.034899 0.000000
	0.000000 1.000000 0.000000 0.000000
	0.034899 0.000000 0.999391 0.000000
	-12997.000000 -1235.000000 -10266.000000 1.000000

	*dmm075_18	-100	-150	-100		100	150	100
	-node_tm
	0.999391 0.000000 -0.034899 0.000000
	0.000000 1.000000 0.000000 0.000000
	0.034899 0.000000 0.999391 0.000000
	-12797.000000 -1242.000000 -10272.000000 1.000000

	*dmm075_19	-100	-150	-100		100	150	100
	-node_tm
	0.999391 0.000000 -0.034899 0.000000
	0.000000 1.000000 0.000000 0.000000
	0.034899 0.000000 0.999391 0.000000
	-12597.000000 -1298.000000 -10279.000000 1.000000

	*dmm076_0	-100	-150	-100		100	150	100
	-node_tm
	-0.017452 0.000000 -0.999848 0.000000
	0.000000 1.000000 0.000000 0.000000
	0.999848 0.000000 -0.017452 0.000000
	-10927.000000 -1400.000000 -9144.000000 1.000000

	*dmm076_1	-100	-150	-100		100	150	100
	-node_tm
	-0.017452 0.000000 -0.999848 0.000000
	0.000000 1.000000 0.000000 0.000000
	0.999848 0.000000 -0.017452 0.000000
	-10932.000000 -1400.000000 -9344.000000 1.000000

	*dmm076_2	-100	-150	-100		100	150	100
	-node_tm
	-0.017452 0.000000 -0.999848 0.000000
	0.000000 1.000000 0.000000 0.000000
	0.999848 0.000000 -0.017452 0.000000
	-10937.000000 -1397.000000 -9544.000000 1.000000

	*dmm076_3	-100	-150	-100		100	150	100
	-node_tm
	-0.017452 0.000000 -0.999848 0.000000
	0.000000 1.000000 0.000000 0.000000
	0.999848 0.000000 -0.017452 0.000000
	-10942.000000 -1393.000000 -9743.000000 1.000000

	*dmm076_4	-100	-150	-100		100	150	100
	-node_tm
	-0.017452 0.000000 -0.999848 0.000000
	0.000000 1.000000 0.000000 0.000000
	0.999848 0.000000 -0.017452 0.000000
	-10947.000000 -1395.000000 -9943.000000 1.000000

	*dmm076_5	-100	-150	-100		100	150	100
	-node_tm
	-0.017452 0.000000 -0.999848 0.000000
	0.000000 1.000000 0.000000 0.000000
	0.999848 0.000000 -0.017452 0.000000
	-10727.000000 -1397.000000 -9149.000000 1.000000

	*dmm076_6	-100	-150	-100		100	150	100
	-node_tm
	-0.017452 0.000000 -0.999848 0.000000
	0.000000 1.000000 0.000000 0.000000
	0.999848 0.000000 -0.017452 0.000000
	-10732.000000 -1390.000000 -9349.000000 1.000000

	*dmm076_7	-100	-150	-100		100	150	100
	-node_tm
	-0.017452 0.000000 -0.999848 0.000000
	0.000000 1.000000 0.000000 0.000000
	0.999848 0.000000 -0.017452 0.000000
	-10737.000000 -1407.000000 -9549.000000 1.000000

	*dmm076_8	-100	-150	-100		100	150	100
	-node_tm
	-0.017452 0.000000 -0.999848 0.000000
	0.000000 1.000000 0.000000 0.000000
	0.999848 0.000000 -0.017452 0.000000
	-10742.000000 -1402.000000 -9749.000000 1.000000

	*dmm076_9	-100	-150	-100		100	150	100
	-node_tm
	-0.017452 0.000000 -0.999848 0.000000
	0.000000 1.000000 0.000000 0.000000
	0.999848 0.000000 -0.017452 0.000000
	-10747.000000 -1400.000000 -9949.000000 1.000000

	*dmm076_10	-100	-150	-100		100	150	100
	-node_tm
	-0.017452 0.000000 -0.999848 0.000000
	0.000000 1.000000 0.000000 0.000000
	0.999848 0.000000 -0.017452 0.000000
	-10527.000000 -1397.000000 -9154.000000 1.000000

	*dmm076_11	-100	-150	-100		100	150	100
	-node_tm
	-0.017452 0.000000 -0.999848 0.000000
	0.000000 1.000000 0.000000 0.000000
	0.999848 0.000000 -0.017452 0.000000
	-10532.000000 -1408.000000 -9354.000000 1.000000

	*dmm076_12	-100	-150	-100		100	150	100
	-node_tm
	-0.017452 0.000000 -0.999848 0.000000
	0.000000 1.000000 0.000000 0.000000
	0.999848 0.000000 -0.017452 0.000000
	-10537.000000 -1396.000000 -9554.000000 1.000000

	*dmm076_13	-100	-150	-100		100	150	100
	-node_tm
	-0.017452 0.000000 -0.999848 0.000000
	0.000000 1.000000 0.000000 0.000000
	0.999848 0.000000 -0.017452 0.000000
	-10542.000000 -1398.000000 -9754.000000 1.000000

	*dmm076_14	-100	-150	-100		100	150	100
	-node_tm
	-0.017452 0.000000 -0.999848 0.000000
	0.000000 1.000000 0.000000 0.000000
	0.999848 0.000000 -0.017452 0.000000
	-10547.000000 -1398.000000 -9954.000000 1.000000

	*dmm076_15	-100	-150	-100		100	150	100
	-node_tm
	-0.017452 0.000000 -0.999848 0.000000
	0.000000 1.000000 0.000000 0.000000
	0.999848 0.000000 -0.017452 0.000000
	-10327.000000 -1367.000000 -9159.000000 1.000000

	*dmm076_16	-100	-150	-100		100	150	100
	-node_tm
	-0.017452 0.000000 -0.999848 0.000000
	0.000000 1.000000 0.000000 0.000000
	0.999848 0.000000 -0.017452 0.000000
	-10332.000000 -1370.000000 -9359.000000 1.000000

	*dmm076_17	-100	-150	-100		100	150	100
	-node_tm
	-0.017452 0.000000 -0.999848 0.000000
	0.000000 1.000000 0.000000 0.000000
	0.999848 0.000000 -0.017452 0.000000
	-10337.000000 -1368.000000 -9559.000000 1.000000

	*dmm076_18	-100	-150	-100		100	150	100
	-node_tm
	-0.017452 0.000000 -0.999848 0.000000
	0.000000 1.000000 0.000000 0.000000
	0.999848 0.000000 -0.017452 0.000000
	-10342.000000 -1373.000000 -9759.000000 1.000000

	*dmm076_19	-100	-150	-100		100	150	100
	-node_tm
	-0.017452 0.000000 -0.999848 0.000000
	0.000000 1.000000 0.000000 0.000000
	0.999848 0.000000 -0.017452 0.000000
	-10347.000000 -1399.000000 -9959.000000 1.000000

	*dmm077_0	-100	-150	-100		100	150	100
	-node_tm
	-0.034899 0.000000 -0.999391 0.000000
	0.000000 1.000000 0.000000 0.000000
	0.999391 0.000000 -0.034899 0.000000
	-10684.000000 -1286.000000 -6497.000000 1.000000

	*dmm077_1	-100	-150	-100		100	150	100
	-node_tm
	-0.034899 0.000000 -0.999391 0.000000
	0.000000 1.000000 0.000000 0.000000
	0.999391 0.000000 -0.034899 0.000000
	-10690.000000 -1286.000000 -6697.000000 1.000000

	*dmm077_2	-100	-150	-100		100	150	100
	-node_tm
	-0.034899 0.000000 -0.999391 0.000000
	0.000000 1.000000 0.000000 0.000000
	0.999391 0.000000 -0.034899 0.000000
	-10696.000000 -1286.000000 -6897.000000 1.000000

	*dmm077_3	-100	-150	-100		100	150	100
	-node_tm
	-0.034899 0.000000 -0.999391 0.000000
	0.000000 1.000000 0.000000 0.000000
	0.999391 0.000000 -0.034899 0.000000
	-10702.000000 -1286.000000 -7097.000000 1.000000

	*dmm077_4	-100	-150	-100		100	150	100
	-node_tm
	-0.034899 0.000000 -0.999391 0.000000
	0.000000 1.000000 0.000000 0.000000
	0.999391 0.000000 -0.034899 0.000000
	-10709.000000 -1241.000000 -7297.000000 1.000000

	*dmm077_5	-100	-150	-100		100	150	100
	-node_tm
	-0.034899 0.000000 -0.999391 0.000000
	0.000000 1.000000 0.000000 0.000000
	0.999391 0.000000 -0.034899 0.000000
	-10484.000000 -1286.000000 -6503.000000 1.000000

	*dmm077_6	-100	-150	-100		100	150	100
	-node_tm
	-0.034899 0.000000 -0.999391 0.000000
	0.000000 1.000000 0.000000 0.000000
	0.999391 0.000000 -0.034899 0.000000
	-10490.000000 -1286.000000 -6703.000000 1.000000

	*dmm077_7	-100	-150	-100		100	150	100
	-node_tm
	-0.034899 0.000000 -0.999391 0.000000
	0.000000 1.000000 0.000000 0.000000
	0.999391 0.000000 -0.034899 0.000000
	-10496.000000 -1286.000000 -6903.000000 1.000000

	*dmm077_8	-100	-150	-100		100	150	100
	-node_tm
	-0.034899 0.000000 -0.999391 0.000000
	0.000000 1.000000 0.000000 0.000000
	0.999391 0.000000 -0.034899 0.000000
	-10502.000000 -1286.000000 -7103.000000 1.000000

	*dmm077_9	-100	-150	-100		100	150	100
	-node_tm
	-0.034899 0.000000 -0.999391 0.000000
	0.000000 1.000000 0.000000 0.000000
	0.999391 0.000000 -0.034899 0.000000
	-10509.000000 -1246.000000 -7303.000000 1.000000

	*dmm077_10	-100	-150	-100		100	150	100
	-node_tm
	-0.034899 0.000000 -0.999391 0.000000
	0.000000 1.000000 0.000000 0.000000
	0.999391 0.000000 -0.034899 0.000000
	-10284.000000 -1286.000000 -6509.000000 1.000000

	*dmm077_11	-100	-150	-100		100	150	100
	-node_tm
	-0.034899 0.000000 -0.999391 0.000000
	0.000000 1.000000 0.000000 0.000000
	0.999391 0.000000 -0.034899 0.000000
	-10290.000000 -1286.000000 -6709.000000 1.000000

	*dmm077_12	-100	-150	-100		100	150	100
	-node_tm
	-0.034899 0.000000 -0.999391 0.000000
	0.000000 1.000000 0.000000 0.000000
	0.999391 0.000000 -0.034899 0.000000
	-10296.000000 -1286.000000 -6909.000000 1.000000

	*dmm077_13	-100	-150	-100		100	150	100
	-node_tm
	-0.034899 0.000000 -0.999391 0.000000
	0.000000 1.000000 0.000000 0.000000
	0.999391 0.000000 -0.034899 0.000000
	-10303.000000 -1286.000000 -7109.000000 1.000000

	*dmm077_14	-100	-150	-100		100	150	100
	-node_tm
	-0.034899 0.000000 -0.999391 0.000000
	0.000000 1.000000 0.000000 0.000000
	0.999391 0.000000 -0.034899 0.000000
	-10309.000000 -1240.000000 -7309.000000 1.000000

	*dmm077_15	-100	-150	-100		100	150	100
	-node_tm
	-0.034899 0.000000 -0.999391 0.000000
	0.000000 1.000000 0.000000 0.000000
	0.999391 0.000000 -0.034899 0.000000
	-10084.000000 -1286.000000 -6516.000000 1.000000

	*dmm077_16	-100	-150	-100		100	150	100
	-node_tm
	-0.034899 0.000000 -0.999391 0.000000
	0.000000 1.000000 0.000000 0.000000
	0.999391 0.000000 -0.034899 0.000000
	-10090.000000 -1286.000000 -6716.000000 1.000000

	*dmm077_17	-100	-150	-100		100	150	100
	-node_tm
	-0.034899 0.000000 -0.999391 0.000000
	0.000000 1.000000 0.000000 0.000000
	0.999391 0.000000 -0.034899 0.000000
	-10096.000000 -1286.000000 -6915.000000 1.000000

	*dmm077_18	-100	-150	-100		100	150	100
	-node_tm
	-0.034899 0.000000 -0.999391 0.000000
	0.000000 1.000000 0.000000 0.000000
	0.999391 0.000000 -0.034899 0.000000
	-10103.000000 -1286.000000 -7115.000000 1.000000

	*dmm077_19	-100	-150	-100		100	150	100
	-node_tm
	-0.034899 0.000000 -0.999391 0.000000
	0.000000 1.000000 0.000000 0.000000
	0.999391 0.000000 -0.034899 0.000000
	-10109.000000 -1235.000000 -7315.000000 1.000000

	*dmm078_0	-100	-150	-100		100	150	100
	-node_tm
	-0.034899 0.000000 -0.999391 0.000000
	0.000000 1.000000 0.000000 0.000000
	0.999391 0.000000 -0.034899 0.000000
	-10648.000000 -1232.000000 -5331.000000 1.000000

	*dmm078_1	-100	-150	-100		100	150	100
	-node_tm
	-0.034899 0.000000 -0.999391 0.000000
	0.000000 1.000000 0.000000 0.000000
	0.999391 0.000000 -0.034899 0.000000
	-10655.000000 -1237.000000 -5531.000000 1.000000

	*dmm078_2	-100	-150	-100		100	150	100
	-node_tm
	-0.034899 0.000000 -0.999391 0.000000
	0.000000 1.000000 0.000000 0.000000
	0.999391 0.000000 -0.034899 0.000000
	-10661.000000 -1288.000000 -5731.000000 1.000000

	*dmm078_3	-100	-150	-100		100	150	100
	-node_tm
	-0.034899 0.000000 -0.999391 0.000000
	0.000000 1.000000 0.000000 0.000000
	0.999391 0.000000 -0.034899 0.000000
	-10667.000000 -1234.000000 -5931.000000 1.000000

	*dmm078_4	-100	-150	-100		100	150	100
	-node_tm
	-0.034899 0.000000 -0.999391 0.000000
	0.000000 1.000000 0.000000 0.000000
	0.999391 0.000000 -0.034899 0.000000
	-10673.000000 -1228.000000 -6131.000000 1.000000

	*dmm078_5	-100	-150	-100		100	150	100
	-node_tm
	-0.034899 0.000000 -0.999391 0.000000
	0.000000 1.000000 0.000000 0.000000
	0.999391 0.000000 -0.034899 0.000000
	-10448.000000 -1235.000000 -5337.000000 1.000000

	*dmm078_6	-100	-150	-100		100	150	100
	-node_tm
	-0.034899 0.000000 -0.999391 0.000000
	0.000000 1.000000 0.000000 0.000000
	0.999391 0.000000 -0.034899 0.000000
	-10455.000000 -1243.000000 -5537.000000 1.000000

	*dmm078_7	-100	-150	-100		100	150	100
	-node_tm
	-0.034899 0.000000 -0.999391 0.000000
	0.000000 1.000000 0.000000 0.000000
	0.999391 0.000000 -0.034899 0.000000
	-10461.000000 -1288.000000 -5737.000000 1.000000

	*dmm078_8	-100	-150	-100		100	150	100
	-node_tm
	-0.034899 0.000000 -0.999391 0.000000
	0.000000 1.000000 0.000000 0.000000
	0.999391 0.000000 -0.034899 0.000000
	-10467.000000 -1288.000000 -5937.000000 1.000000

	*dmm078_9	-100	-150	-100		100	150	100
	-node_tm
	-0.034899 0.000000 -0.999391 0.000000
	0.000000 1.000000 0.000000 0.000000
	0.999391 0.000000 -0.034899 0.000000
	-10473.000000 -1236.000000 -6137.000000 1.000000

	*dmm078_10	-100	-150	-100		100	150	100
	-node_tm
	-0.034899 0.000000 -0.999391 0.000000
	0.000000 1.000000 0.000000 0.000000
	0.999391 0.000000 -0.034899 0.000000
	-10249.000000 -1233.000000 -5344.000000 1.000000

	*dmm078_11	-100	-150	-100		100	150	100
	-node_tm
	-0.034899 0.000000 -0.999391 0.000000
	0.000000 1.000000 0.000000 0.000000
	0.999391 0.000000 -0.034899 0.000000
	-10255.000000 -1288.000000 -5544.000000 1.000000

	*dmm078_12	-100	-150	-100		100	150	100
	-node_tm
	-0.034899 0.000000 -0.999391 0.000000
	0.000000 1.000000 0.000000 0.000000
	0.999391 0.000000 -0.034899 0.000000
	-10261.000000 -1288.000000 -5743.000000 1.000000

	*dmm078_13	-100	-150	-100		100	150	100
	-node_tm
	-0.034899 0.000000 -0.999391 0.000000
	0.000000 1.000000 0.000000 0.000000
	0.999391 0.000000 -0.034899 0.000000
	-10267.000000 -1288.000000 -5943.000000 1.000000

	*dmm078_14	-100	-150	-100		100	150	100
	-node_tm
	-0.034899 0.000000 -0.999391 0.000000
	0.000000 1.000000 0.000000 0.000000
	0.999391 0.000000 -0.034899 0.000000
	-10273.000000 -1246.000000 -6143.000000 1.000000

	*dmm078_15	-100	-150	-100		100	150	100
	-node_tm
	-0.034899 0.000000 -0.999391 0.000000
	0.000000 1.000000 0.000000 0.000000
	0.999391 0.000000 -0.034899 0.000000
	-10049.000000 -1228.000000 -5350.000000 1.000000

	*dmm078_16	-100	-150	-100		100	150	100
	-node_tm
	-0.034899 0.000000 -0.999391 0.000000
	0.000000 1.000000 0.000000 0.000000
	0.999391 0.000000 -0.034899 0.000000
	-10055.000000 -1288.000000 -5550.000000 1.000000

	*dmm078_17	-100	-150	-100		100	150	100
	-node_tm
	-0.034899 0.000000 -0.999391 0.000000
	0.000000 1.000000 0.000000 0.000000
	0.999391 0.000000 -0.034899 0.000000
	-10061.000000 -1288.000000 -5750.000000 1.000000

	*dmm078_18	-100	-150	-100		100	150	100
	-node_tm
	-0.034899 0.000000 -0.999391 0.000000
	0.000000 1.000000 0.000000 0.000000
	0.999391 0.000000 -0.034899 0.000000
	-10067.000000 -1288.000000 -5950.000000 1.000000

	*dmm078_19	-100	-150	-100		100	150	100
	-node_tm
	-0.034899 0.000000 -0.999391 0.000000
	0.000000 1.000000 0.000000 0.000000
	0.999391 0.000000 -0.034899 0.000000
	-10073.000000 -1265.000000 -6149.000000 1.000000

	*dmm079_0	-100	-150	-100		100	150	100
	-node_tm
	-0.999391 0.000000 -0.034899 0.000000
	0.000000 1.000000 0.000000 0.000000
	0.034899 0.000000 -0.999391 0.000000
	-8882.000000 -1278.000000 -6557.000000 1.000000

	*dmm079_1	-100	-150	-100		100	150	100
	-node_tm
	-0.999391 0.000000 -0.034899 0.000000
	0.000000 1.000000 0.000000 0.000000
	0.034899 0.000000 -0.999391 0.000000
	-9081.000000 -1278.000000 -6551.000000 1.000000

	*dmm079_2	-100	-150	-100		100	150	100
	-node_tm
	-0.999391 0.000000 -0.034899 0.000000
	0.000000 1.000000 0.000000 0.000000
	0.034899 0.000000 -0.999391 0.000000
	-9281.000000 -1278.000000 -6546.000000 1.000000

	*dmm079_3	-100	-150	-100		100	150	100
	-node_tm
	-0.999391 0.000000 -0.034899 0.000000
	0.000000 1.000000 0.000000 0.000000
	0.034899 0.000000 -0.999391 0.000000
	-9481.000000 -1278.000000 -6541.000000 1.000000

	*dmm079_4	-100	-150	-100		100	150	100
	-node_tm
	-0.999391 0.000000 -0.034899 0.000000
	0.000000 1.000000 0.000000 0.000000
	0.034899 0.000000 -0.999391 0.000000
	-9656.000000 -1278.000000 -6432.000000 1.000000

	*dmm079_5	-100	-150	-100		100	150	100
	-node_tm
	-0.999391 0.000000 -0.034899 0.000000
	0.000000 1.000000 0.000000 0.000000
	0.034899 0.000000 -0.999391 0.000000
	-8887.000000 -1278.000000 -6757.000000 1.000000

	*dmm079_6	-100	-150	-100		100	150	100
	-node_tm
	-0.999391 0.000000 -0.034899 0.000000
	0.000000 1.000000 0.000000 0.000000
	0.034899 0.000000 -0.999391 0.000000
	-9087.000000 -1278.000000 -6751.000000 1.000000

	*dmm079_7	-100	-150	-100		100	150	100
	-node_tm
	-0.999391 0.000000 -0.034899 0.000000
	0.000000 1.000000 0.000000 0.000000
	0.034899 0.000000 -0.999391 0.000000
	-9287.000000 -1278.000000 -6746.000000 1.000000

	*dmm079_8	-100	-150	-100		100	150	100
	-node_tm
	-0.999391 0.000000 -0.034899 0.000000
	0.000000 1.000000 0.000000 0.000000
	0.034899 0.000000 -0.999391 0.000000
	-9487.000000 -1278.000000 -6741.000000 1.000000

	*dmm079_9	-100	-150	-100		100	150	100
	-node_tm
	-0.999391 0.000000 -0.034899 0.000000
	0.000000 1.000000 0.000000 0.000000
	0.034899 0.000000 -0.999391 0.000000
	-9687.000000 -1278.000000 -6735.000000 1.000000

	*dmm079_10	-100	-150	-100		100	150	100
	-node_tm
	-0.999391 0.000000 -0.034899 0.000000
	0.000000 1.000000 0.000000 0.000000
	0.034899 0.000000 -0.999391 0.000000
	-8892.000000 -1278.000000 -6957.000000 1.000000

	*dmm079_11	-100	-150	-100		100	150	100
	-node_tm
	-0.999391 0.000000 -0.034899 0.000000
	0.000000 1.000000 0.000000 0.000000
	0.034899 0.000000 -0.999391 0.000000
