script_begin


[HelperObjectBegin]

	*dpgoto_platform01	-40	-40	-40		40	40	40
	-node_tm
	1.000000 0.000000 -0.000000 0.000000
	0.000000 1.000000 0.000000 0.000000
	0.000000 0.000000 1.000000 0.000000
	1038.000000 21.000000 687.000000 1.000000

	*dpgoto_dungeon03	-150	-80	-150		150	80	150
	-node_tm
	0.965926 0.000000 0.258819 0.000000
	0.000000 1.000000 0.000000 0.000000
	-0.258819 0.000000 0.965926 0.000000
	-3558.000000 -152.000000 -303.000000 1.000000

	*dpfrom_platform01	-30	-29	-30		30	29	30
	-node_tm
	1.000000 0.000000 -0.000000 0.000000
	0.000000 1.000000 0.000000 0.000000
	0.000000 0.000000 1.000000 0.000000
	1032.000000 22.000000 570.000000 1.000000

	*dpfrom_dungeon03	-150	-80	-150		150	80	150
	-node_tm
	0.965926 0.000000 0.258819 0.000000
	0.000000 1.000000 0.000000 0.000000
	-0.258819 0.000000 0.965926 0.000000
	-3556.000000 -162.000000 -317.000000 1.000000

	*dpgoto_medicallab2	-30	-14	-30		30	14	30
	-node_tm
	-0.615662 0.000000 0.788011 0.000000
	0.000000 1.000000 0.000000 0.000000
	-0.788011 0.000000 -0.615662 0.000000
	-8215.000000 -138.000000 1682.000000 1.000000

	*dpfrom_medicallab2	-30	-14	-30		30	14	30
	-node_tm
	-0.615662 0.000000 0.788011 0.000000
	0.000000 1.000000 0.000000 0.000000
	-0.788011 0.000000 -0.615662 0.000000
	-8215.000000 -138.000000 1683.000000 1.000000

	*dmm01_0	-30	-100	-30		30	100	30
	-node_tm
	-0.956305 0.000000 0.292372 0.000000
	0.000000 1.000000 0.000000 0.000000
	-0.292372 0.000000 -0.956305 0.000000
	-3709.000000 -144.000000 257.000000 1.000000

	*dmm02_0	-20	-100	-20		20	100	20
	-node_tm
	-0.999848 0.000000 -0.017452 0.000000
	0.000000 1.000000 0.000000 0.000000
	0.017452 0.000000 -0.999848 0.000000
	-3703.000000 -162.000000 449.000000 1.000000

	*dmm03_0	-20	-100	-20		20	100	20
	-node_tm
	-0.882948 0.000000 0.469472 0.000000
	0.000000 1.000000 0.000000 0.000000
	-0.469472 0.000000 -0.882948 0.000000
	-3609.000000 -161.000000 423.000000 1.000000

	*dmm04_0	-20	-100	-20		20	100	20
	-node_tm
	-0.515038 0.000000 0.857167 0.000000
	0.000000 1.000000 0.000000 0.000000
	-0.857167 0.000000 -0.515038 0.000000
	-3548.000000 -154.000000 350.000000 1.000000

	*dmm05_0	-20	-100	-20		20	100	20
	-node_tm
	-0.882948 0.000000 -0.469472 0.000000
	0.000000 1.000000 0.000000 0.000000
	0.469472 0.000000 -0.882948 0.000000
	-3801.000000 -138.000000 424.000000 1.000000

	*dmm06_0	-20	-100	-20		20	100	20
	-node_tm
	-0.515038 0.000000 -0.857167 0.000000
	0.000000 1.000000 0.000000 0.000000
	0.857167 0.000000 -0.515038 0.000000
	-3871.000000 -152.000000 357.000000 1.000000

	*dmm07_0	-20	-100	-20		20	100	20
	-node_tm
	-0.034899 0.000000 -0.999391 0.000000
	0.000000 1.000000 0.000000 0.000000
	0.999391 0.000000 -0.034899 0.000000
	-3902.000000 -166.000000 259.000000 1.000000

	*dmm08_0	-20	-100	-20		20	100	20
	-node_tm
	0.544639 0.000000 -0.838671 0.000000
	0.000000 1.000000 0.000000 0.000000
	0.838671 0.000000 0.544639 0.000000
	-3871.000000 -160.000000 165.000000 1.000000

	*dmm09_0	-20	-100	-20		20	100	20
	-node_tm
	0.857167 0.000000 -0.515038 0.000000
	0.000000 1.000000 0.000000 0.000000
	0.515038 0.000000 0.857167 0.000000
	-3801.000000 -133.000000 100.000000 1.000000

	*dmm10_0	-20	-100	-20		20	100	20
	-node_tm
	0.999848 0.000000 -0.017452 0.000000
	0.000000 1.000000 0.000000 0.000000
	0.017452 0.000000 0.999848 0.000000
	-3704.000000 -155.000000 71.000000 1.000000

	*dmm11_0	-20	-100	-20		20	100	20
	-node_tm
	0.882948 0.000000 0.469472 0.000000
	0.000000 1.000000 0.000000 0.000000
	-0.469472 0.000000 0.882948 0.000000
	-3616.000000 -123.000000 101.000000 1.000000

	*dmm12_0	-20	-100	-20		20	100	20
	-node_tm
	0.406737 0.000000 0.913545 0.000000
	0.000000 1.000000 0.000000 0.000000
	-0.913545 0.000000 0.406737 0.000000
	-3546.000000 -161.000000 166.000000 1.000000

	*dmm13_0	-20	-100	-20		20	100	20
	-node_tm
	-0.000000 0.000000 1.000000 0.000000
	0.000000 1.000000 0.000000 0.000000
	-1.000000 0.000000 -0.000000 0.000000
	-3521.000000 -152.000000 260.000000 1.000000

	*dmm14_0	-20	-50	-20		20	50	20
	-node_tm
	0.754710 0.000000 0.656059 0.000000
	0.000000 1.000000 0.000000 0.000000
	-0.656059 0.000000 0.754710 0.000000
	-8127.000000 -100.000000 1581.000000 1.000000

	*dmm15_0	-20	-50	-20		20	50	20
	-node_tm
	-0.309017 0.000000 0.951057 0.000000
	0.000000 1.000000 0.000000 0.000000
	-0.951057 0.000000 -0.309017 0.000000
	-8183.000000 -135.000000 1519.000000 1.000000

	*dmm16_0	-20	-50	-20		20	50	20
	-node_tm
	0.913545 0.000000 -0.406737 0.000000
	0.000000 1.000000 0.000000 0.000000
	0.406737 0.000000 0.913545 0.000000
	-8054.000000 -104.000000 1631.000000 1.000000

	*dmm17_0	-20	-50	-20		20	50	20
	-node_tm
	0.731354 0.000000 0.681998 0.000000
	0.000000 1.000000 0.000000 0.000000
	-0.681998 0.000000 0.731354 0.000000
	-7797.000000 -156.000000 1354.000000 1.000000

	*dmm18_0	-20	-50	-20		20	50	20
	-node_tm
	0.731354 0.000000 0.681998 0.000000
	0.000000 1.000000 0.000000 0.000000
	-0.681998 0.000000 0.731354 0.000000
	-7756.000000 -164.000000 1309.000000 1.000000

	*dmm19_0	-20	-50	-20		20	50	20
	-node_tm
	0.731354 0.000000 0.681998 0.000000
	0.000000 1.000000 0.000000 0.000000
	-0.681998 0.000000 0.731354 0.000000
	-7713.000000 -171.000000 1262.000000 1.000000

	*dmm20_0	-20	-50	-20		20	50	20
	-node_tm
	0.731354 0.000000 0.681998 0.000000
	0.000000 1.000000 0.000000 0.000000
	-0.681998 0.000000 0.731354 0.000000
	-7671.000000 -187.000000 1217.000000 1.000000

	*dmm21_0	-20	-50	-20		20	50	20
	-node_tm
	0.731354 0.000000 0.681998 0.000000
	0.000000 1.000000 0.000000 0.000000
	-0.681998 0.000000 0.731354 0.000000
	-7938.000000 -154.000000 1228.000000 1.000000

	*dmm22_0	-20	-50	-20		20	50	20
	-node_tm
	0.731354 0.000000 0.681998 0.000000
	0.000000 1.000000 0.000000 0.000000
	-0.681998 0.000000 0.731354 0.000000
	-7898.000000 -162.000000 1187.000000 1.000000

	*dmm23_0	-20	-50	-20		20	50	20
	-node_tm
	0.731354 0.000000 0.681998 0.000000
	0.000000 1.000000 0.000000 0.000000
	-0.681998 0.000000 0.731354 0.000000
	-7853.000000 -171.000000 1142.000000 1.000000

	*dmm24_0	-20	-50	-20		20	50	20
	-node_tm
	0.731354 0.000000 0.681998 0.000000
	0.000000 1.000000 0.000000 0.000000
	-0.681998 0.000000 0.731354 0.000000
	-7810.000000 -176.000000 1098.000000 1.000000

	*dmm34_0	-80	-150	-80		80	150	80
	-node_tm
	0.017452 0.000000 0.999848 0.000000
	0.000000 1.000000 0.000000 0.000000
	-0.999848 0.000000 0.017452 0.000000
	-5535.000000 -170.000000 -45.000000 1.000000

	*dmm37_0	-15	-80	-15		15	80	15
	-node_tm
	0.017452 0.000000 0.999848 0.000000
	0.000000 1.000000 0.000000 0.000000
	-0.999848 0.000000 0.017452 0.000000
	310.000000 -7.000000 194.000000 1.000000

	*dmm37_1	-15	-80	-15		15	80	15
	-node_tm
	0.017452 0.000000 0.999848 0.000000
	0.000000 1.000000 0.000000 0.000000
	-0.999848 0.000000 0.017452 0.000000
	394.000000 -7.000000 107.000000 1.000000

	*dmm37_2	-15	-80	-15		15	80	15
	-node_tm
	0.017452 0.000000 0.999848 0.000000
	0.000000 1.000000 0.000000 0.000000
	-0.999848 0.000000 0.017452 0.000000
	279.000000 -7.000000 46.000000 1.000000

	*dmm37_3	-15	-80	-15		15	80	15
	-node_tm
	0.017452 0.000000 0.999848 0.000000
	0.000000 1.000000 0.000000 0.000000
	-0.999848 0.000000 0.017452 0.000000
	208.000000 -7.000000 150.000000 1.000000

	*dmm38_0	-15	-80	-15		15	80	15
	-node_tm
	0.017452 0.000000 0.999848 0.000000
	0.000000 1.000000 0.000000 0.000000
	-0.999848 0.000000 0.017452 0.000000
	98.000000 -22.000000 289.000000 1.000000

	*dmm38_1	-15	-80	-15		15	80	15
	-node_tm
	0.017452 0.000000 0.999848 0.000000
	0.000000 1.000000 0.000000 0.000000
	-0.999848 0.000000 0.017452 0.000000
	92.000000 -22.000000 423.000000 1.000000

	*dmm39_0	-15	-80	-15		15	80	15
	-node_tm
	0.017452 0.000000 0.999848 0.000000
	0.000000 1.000000 0.000000 0.000000
	-0.999848 0.000000 0.017452 0.000000
	1065.000000 -32.000000 28.000000 1.000000

	*dmm39_1	-15	-80	-15		15	80	15
	-node_tm
	0.017452 0.000000 0.999848 0.000000
	0.000000 1.000000 0.000000 0.000000
	-0.999848 0.000000 0.017452 0.000000
	1030.000000 -29.000000 142.000000 1.000000

	*dmm39_2	-15	-80	-15		15	80	15
	-node_tm
	0.017452 0.000000 0.999848 0.000000
	0.000000 1.000000 0.000000 0.000000
	-0.999848 0.000000 0.017452 0.000000
	934.000000 -25.000000 54.000000 1.000000

	*dmm39_3	-15	-80	-15		15	80	15
	-node_tm
	0.017452 0.000000 0.999848 0.000000
	0.000000 1.000000 0.000000 0.000000
	-0.999848 0.000000 0.017452 0.000000
	918.000000 -27.000000 151.000000 1.000000

	*dmm41_0	-15	-80	-15		15	80	15
	-node_tm
	0.017452 0.000000 0.999848 0.000000
	0.000000 1.000000 0.000000 0.000000
	-0.999848 0.000000 0.017452 0.000000
	92.000000 -43.000000 1487.000000 1.000000

	*dmm41_1	-15	-80	-15		15	80	15
	-node_tm
	0.017452 0.000000 0.999848 0.000000
	0.000000 1.000000 0.000000 0.000000
	-0.999848 0.000000 0.017452 0.000000
	118.000000 -43.000000 1537.000000 1.000000

	*dmm41_2	-15	-80	-15		15	80	15
	-node_tm
	0.017452 0.000000 0.999848 0.000000
	0.000000 1.000000 0.000000 0.000000
	-0.999848 0.000000 0.017452 0.000000
	100.000000 -43.000000 1428.000000 1.000000

	*dmm41_3	-15	-80	-15		15	80	15
	-node_tm
	0.017452 0.000000 0.999848 0.000000
	0.000000 1.000000 0.000000 0.000000
	-0.999848 0.000000 0.017452 0.000000
	38.000000 -43.000000 1558.000000 1.000000

	*dmm42_0	-15	-80	-15		15	80	15
	-node_tm
	0.017452 0.000000 0.999848 0.000000
	0.000000 1.000000 0.000000 0.000000
	-0.999848 0.000000 0.017452 0.000000
	-35.000000 0.000000 1563.000000 1.000000

	*dmm42_1	-15	-80	-15		15	80	15
	-node_tm
	0.017452 0.000000 0.999848 0.000000
	0.000000 1.000000 0.000000 0.000000
	-0.999848 0.000000 0.017452 0.000000
	-138.000000 0.000000 1572.000000 1.000000

	*dmm42_4	-15	-80	-15		15	80	15
	-node_tm
	0.017452 0.000000 0.999848 0.000000
	0.000000 1.000000 0.000000 0.000000
	-0.999848 0.000000 0.017452 0.000000
	-63.000000 0.000000 1494.000000 1.000000

	*dmm42_5	-15	-80	-15		15	80	15
	-node_tm
	0.017452 0.000000 0.999848 0.000000
	0.000000 1.000000 0.000000 0.000000
	-0.999848 0.000000 0.017452 0.000000
	-230.000000 0.000000 1452.000000 1.000000

	*dmm46_0	-15	-80	-15		15	80	15
	-node_tm
	0.017452 0.000000 0.999848 0.000000
	0.000000 1.000000 0.000000 0.000000
	-0.999848 0.000000 0.017452 0.000000
	-1122.000000 -10.000000 1895.000000 1.000000

	*dmm46_1	-15	-80	-15		15	80	15
	-node_tm
	0.017452 0.000000 0.999848 0.000000
	0.000000 1.000000 0.000000 0.000000
	-0.999848 0.000000 0.017452 0.000000
	-901.000000 -10.000000 2012.000000 1.000000

	*dmm46_2	-15	-80	-15		15	80	15
	-node_tm
	0.017452 0.000000 0.999848 0.000000
	0.000000 1.000000 0.000000 0.000000
	-0.999848 0.000000 0.017452 0.000000
	-974.000000 -10.000000 1873.000000 1.000000

	*dmm46_3	-15	-80	-15		15	80	15
	-node_tm
	0.017452 0.000000 0.999848 0.000000
	0.000000 1.000000 0.000000 0.000000
	-0.999848 0.000000 0.017452 0.000000
	-1105.000000 -10.000000 2051.000000 1.000000

	*dmm35_0	-15	-80	-15		15	80	15
	-node_tm
	0.017452 0.000000 0.999848 0.000000
	0.000000 1.000000 0.000000 0.000000
	-0.999848 0.000000 0.017452 0.000000
	-1557.000000 -51.000000 1461.000000 1.000000

	*dmm35_1	-15	-80	-15		15	80	15
	-node_tm
	0.017452 0.000000 0.999848 0.000000
	0.000000 1.000000 0.000000 0.000000
	-0.999848 0.000000 0.017452 0.000000
	-1591.000000 -51.000000 1633.000000 1.000000

	*dmm35_2	-15	-80	-15		15	80	15
	-node_tm
	0.017452 0.000000 0.999848 0.000000
	0.000000 1.000000 0.000000 0.000000
	-0.999848 0.000000 0.017452 0.000000
	-1708.000000 -51.000000 1472.000000 1.000000

	*dmm35_3	-15	-80	-15		15	80	15
	-node_tm
	0.017452 0.000000 0.999848 0.000000
	0.000000 1.000000 0.000000 0.000000
	-0.999848 0.000000 0.017452 0.000000
	-1740.000000 -51.000000 1627.000000 1.000000

	*dmm103_0	-15	-80	-15		15	80	15
	-node_tm
	0.017452 0.000000 0.999848 0.000000
	0.000000 1.000000 0.000000 0.000000
	-0.999848 0.000000 0.017452 0.000000
	-1521.000000 -45.000000 1828.000000 1.000000

	*dmm103_2	-15	-80	-15		15	80	15
	-node_tm
	0.017452 0.000000 0.999848 0.000000
	0.000000 1.000000 0.000000 0.000000
	-0.999848 0.000000 0.017452 0.000000
	-1657.000000 -45.000000 1754.000000 1.000000

	*dmm103_3	-15	-80	-15		15	80	15
	-node_tm
	0.017452 0.000000 0.999848 0.000000
	0.000000 1.000000 0.000000 0.000000
	-0.999848 0.000000 0.017452 0.000000
	-1528.000000 -45.000000 1569.000000 1.000000

	*dmm104_0	-15	-80	-15		15	80	15
	-node_tm
	0.017452 0.000000 0.999848 0.000000
	0.000000 1.000000 0.000000 0.000000
	-0.999848 0.000000 0.017452 0.000000
	-2009.000000 -51.000000 1605.000000 1.000000

	*dmm104_1	-15	-80	-15		15	80	15
	-node_tm
	0.017452 0.000000 0.999848 0.000000
	0.000000 1.000000 0.000000 0.000000
	-0.999848 0.000000 0.017452 0.000000
	-2110.000000 -51.000000 1524.000000 1.000000

	*dmm104_2	-15	-80	-15		15	80	15
	-node_tm
	0.017452 0.000000 0.999848 0.000000
	0.000000 1.000000 0.000000 0.000000
	-0.999848 0.000000 0.017452 0.000000
	-2091.000000 -51.000000 1745.000000 1.000000

	*dmm104_3	-15	-80	-15		15	80	15
	-node_tm
	0.017452 0.000000 0.999848 0.000000
	0.000000 1.000000 0.000000 0.000000
	-0.999848 0.000000 0.017452 0.000000
	-2043.000000 -51.000000 1400.000000 1.000000

	*dmm104_4	-15	-80	-15		15	80	15
	-node_tm
	0.017452 0.000000 0.999848 0.000000
	0.000000 1.000000 0.000000 0.000000
	-0.999848 0.000000 0.017452 0.000000
	-2180.000000 -51.000000 1609.000000 1.000000

	*dmm104_5	-15	-80	-15		15	80	15
	-node_tm
	0.017452 0.000000 0.999848 0.000000
	0.000000 1.000000 0.000000 0.000000
	-0.999848 0.000000 0.017452 0.000000
	-2229.000000 -51.000000 1417.000000 1.000000

	*dmm105_0	-15	-60	-15		15	60	15
	-node_tm
	1.000000 0.000000 -0.000000 0.000000
	0.000000 1.000000 0.000000 0.000000
	0.000000 0.000000 1.000000 0.000000
	-2638.000000 -26.000000 1296.000000 1.000000

	*dmm106_0	-15	-60	-15		15	60	15
	-node_tm
	1.000000 0.000000 -0.000000 0.000000
	0.000000 1.000000 0.000000 0.000000
	0.000000 0.000000 1.000000 0.000000
	-3615.000000 -131.000000 1311.000000 1.000000

	*dmm111_0	-15	-80	-15		15	80	15
	-node_tm
	0.017452 0.000000 0.999848 0.000000
	0.000000 1.000000 0.000000 0.000000
	-0.999848 0.000000 0.017452 0.000000
	968.000000 -26.000000 103.000000 1.000000

	*dmm112_0	-15	-80	-15		15	80	15
	-node_tm
	0.017452 0.000000 0.999848 0.000000
	0.000000 1.000000 0.000000 0.000000
	-0.999848 0.000000 0.017452 0.000000
	286.000000 -15.000000 121.000000 1.000000

	*dmm113_0	-15	-80	-15		15	80	15
	-node_tm
	0.017452 0.000000 0.999848 0.000000
	0.000000 1.000000 0.000000 0.000000
	-0.999848 0.000000 0.017452 0.000000
	39.000000 -36.000000 346.000000 1.000000

	*dmm44_0	-15	-80	-15		15	80	15
	-node_tm
	0.017452 0.000000 0.999848 0.000000
	0.000000 1.000000 0.000000 0.000000
	-0.999848 0.000000 0.017452 0.000000
	-1016.000000 -27.000000 1996.000000 1.000000

	*dmm85_0	-15	-80	-15		15	80	15
	-node_tm
	-0.819152 0.000000 0.573576 0.000000
	0.000000 1.000000 0.000000 0.000000
	-0.573576 0.000000 -0.819152 0.000000
	-3460.000000 -145.000000 1382.000000 1.000000

	*dmm85_1	-15	-80	-15		15	80	15
	-node_tm
	-0.819152 0.000000 0.573576 0.000000
	0.000000 1.000000 0.000000 0.000000
	-0.573576 0.000000 -0.819152 0.000000
	-3650.000000 -145.000000 1491.000000 1.000000

	*dmm85_2	-15	-80	-15		15	80	15
	-node_tm
	-0.819152 0.000000 0.573576 0.000000
	0.000000 1.000000 0.000000 0.000000
	-0.573576 0.000000 -0.819152 0.000000
	-3571.000000 -145.000000 1264.000000 1.000000

	*dmm85_3	-15	-80	-15		15	80	15
	-node_tm
	-0.819152 0.000000 0.573576 0.000000
	0.000000 1.000000 0.000000 0.000000
	-0.573576 0.000000 -0.819152 0.000000
	-3714.000000 -145.000000 1359.000000 1.000000

	*dmm81_0	-15	-80	-15		15	80	15
	-node_tm
	-0.173648 0.000000 0.984808 0.000000
	0.000000 1.000000 0.000000 0.000000
	-0.984808 0.000000 -0.173648 0.000000
	-2554.000000 -53.000000 1275.000000 1.000000

	*dmm81_1	-15	-80	-15		15	80	15
	-node_tm
	-0.173648 0.000000 0.984808 0.000000
	0.000000 1.000000 0.000000 0.000000
	-0.984808 0.000000 -0.173648 0.000000
	-2610.000000 -53.000000 1364.000000 1.000000

	*dmm81_2	-15	-80	-15		15	80	15
	-node_tm
	-0.173648 0.000000 0.984808 0.000000
	0.000000 1.000000 0.000000 0.000000
	-0.984808 0.000000 -0.173648 0.000000
	-2662.000000 -53.000000 1211.000000 1.000000

	*dmm81_3	-15	-80	-15		15	80	15
	-node_tm
	-0.173648 0.000000 0.984808 0.000000
	0.000000 1.000000 0.000000 0.000000
	-0.984808 0.000000 -0.173648 0.000000
	-2712.000000 -53.000000 1318.000000 1.000000

	*dmm80_0	-15	-60	-15		15	60	15
	-node_tm
	1.000000 0.000000 -0.000000 0.000000
	0.000000 1.000000 0.000000 0.000000
	0.000000 0.000000 1.000000 0.000000
	-2854.000000 -55.000000 1849.000000 1.000000

	*dmm80_1	-15	-60	-15		15	60	15
	-node_tm
	1.000000 0.000000 -0.000000 0.000000
	0.000000 1.000000 0.000000 0.000000
	0.000000 0.000000 1.000000 0.000000
	-2262.000000 -30.000000 1698.000000 1.000000

	*dmm80_2	-15	-60	-15		15	60	15
	-node_tm
	1.000000 0.000000 -0.000000 0.000000
	0.000000 1.000000 0.000000 0.000000
	0.000000 0.000000 1.000000 0.000000
	-2566.000000 -47.000000 1935.000000 1.000000

	*dmm80_3	-15	-60	-15		15	60	15
	-node_tm
	1.000000 0.000000 -0.000000 0.000000
	0.000000 1.000000 0.000000 0.000000
	0.000000 0.000000 1.000000 0.000000
	-2759.000000 -44.000000 1575.000000 1.000000

	*dmm82_0	-15	-80	-15		15	80	15
	-node_tm
	-0.173648 0.000000 0.984808 0.000000
	0.000000 1.000000 0.000000 0.000000
	-0.984808 0.000000 -0.173648 0.000000
	-3284.000000 -159.000000 1055.000000 1.000000

	*dmm82_1	-15	-80	-15		15	80	15
	-node_tm
	-0.173648 0.000000 0.984808 0.000000
	0.000000 1.000000 0.000000 0.000000
	-0.984808 0.000000 -0.173648 0.000000
	-3090.000000 -158.000000 1254.000000 1.000000

	*dmm82_2	-15	-80	-15		15	80	15
	-node_tm
	-0.173648 0.000000 0.984808 0.000000
	0.000000 1.000000 0.000000 0.000000
	-0.984808 0.000000 -0.173648 0.000000
	-3735.000000 -160.000000 1079.000000 1.000000

	*dmm82_3	-15	-80	-15		15	80	15
	-node_tm
	-0.173648 0.000000 0.984808 0.000000
	0.000000 1.000000 0.000000 0.000000
	-0.984808 0.000000 -0.173648 0.000000
	-3467.000000 -158.000000 1537.000000 1.000000

	*dmm45_0	-15	-80	-15		15	80	15
	-node_tm
	1.000000 0.000000 -0.000000 0.000000
	0.000000 1.000000 0.000000 0.000000
	0.000000 0.000000 1.000000 0.000000
	-3447.000000 -124.000000 1442.000000 1.000000

	*dmm45_1	-15	-80	-15		15	80	15
	-node_tm
	1.000000 0.000000 -0.000000 0.000000
	0.000000 1.000000 0.000000 0.000000
	0.000000 0.000000 1.000000 0.000000
	-3665.000000 -124.000000 1265.000000 1.000000

	*dmm45_2	-15	-80	-15		15	80	15
	-node_tm
	1.000000 0.000000 -0.000000 0.000000
	0.000000 1.000000 0.000000 0.000000
	0.000000 0.000000 1.000000 0.000000
	-3509.000000 -124.000000 1322.000000 1.000000

	*dmm45_3	-15	-80	-15		15	80	15
	-node_tm
	1.000000 0.000000 -0.000000 0.000000
	0.000000 1.000000 0.000000 0.000000
	0.000000 0.000000 1.000000 0.000000
	-3561.000000 -124.000000 1549.000000 1.000000

	*dmm47_0	-15	-60	-15		15	60	15
	-node_tm
	1.000000 0.000000 -0.000000 0.000000
	0.000000 1.000000 0.000000 0.000000
	0.000000 0.000000 1.000000 0.000000
	-2933.000000 -87.000000 1046.000000 1.000000

	*dmm47_1	-15	-60	-15		15	60	15
	-node_tm
	1.000000 0.000000 -0.000000 0.000000
	0.000000 1.000000 0.000000 0.000000
	0.000000 0.000000 1.000000 0.000000
	-2820.000000 -87.000000 1121.000000 1.000000

	*dmm47_2	-15	-60	-15		15	60	15
	-node_tm
	1.000000 0.000000 -0.000000 0.000000
	0.000000 1.000000 0.000000 0.000000
	0.000000 0.000000 1.000000 0.000000
	-3067.000000 -87.000000 1161.000000 1.000000

	*dmm47_3	-15	-60	-15		15	60	15
	-node_tm
	1.000000 0.000000 -0.000000 0.000000
	0.000000 1.000000 0.000000 0.000000
	0.000000 0.000000 1.000000 0.000000
	-2892.000000 -87.000000 1222.000000 1.000000

	*dmm102_0	-15	-60	-15		15	60	15
	-node_tm
	1.000000 0.000000 -0.000000 0.000000
	0.000000 1.000000 0.000000 0.000000
	0.000000 0.000000 1.000000 0.000000
	-2904.000000 -95.000000 1133.000000 1.000000

	*dmm28_0	-25	-80	-25		25	80	25
	-node_tm
	0.017452 0.000000 0.999848 0.000000
	0.000000 1.000000 0.000000 0.000000
	-0.999848 0.000000 0.017452 0.000000
	-5462.000000 -201.000000 -109.000000 1.000000

	*dmm28_1	-25	-80	-25		25	80	25
	-node_tm
	0.017452 0.000000 0.999848 0.000000
	0.000000 1.000000 0.000000 0.000000
	-0.999848 0.000000 0.017452 0.000000
	-5458.000000 -201.000000 64.000000 1.000000

	*dmm28_2	-25	-80	-25		25	80	25
	-node_tm
	0.017452 0.000000 0.999848 0.000000
	0.000000 1.000000 0.000000 0.000000
	-0.999848 0.000000 0.017452 0.000000
	-5651.000000 -201.000000 -113.000000 1.000000

	*dmm28_3	-25	-80	-25		25	80	25
	-node_tm
	0.017452 0.000000 0.999848 0.000000
	0.000000 1.000000 0.000000 0.000000
	-0.999848 0.000000 0.017452 0.000000
	-5649.000000 -201.000000 65.000000 1.000000

	*dmm29_0	-25	-150	-25		25	150	25
	-node_tm
	0.017452 0.000000 0.999848 0.000000
	0.000000 1.000000 0.000000 0.000000
	-0.999848 0.000000 0.017452 0.000000
	-5462.000000 -206.000000 -19.000000 1.000000

	*dmm29_1	-25	-150	-25		25	150	25
	-node_tm
	0.017452 0.000000 0.999848 0.000000
	0.000000 1.000000 0.000000 0.000000
	-0.999848 0.000000 0.017452 0.000000
	-5549.000000 -206.000000 -104.000000 1.000000

	*dmm29_2	-25	-150	-25		25	150	25
	-node_tm
	0.017452 0.000000 0.999848 0.000000
	0.000000 1.000000 0.000000 0.000000
	-0.999848 0.000000 0.017452 0.000000
	-5640.000000 -206.000000 -23.000000 1.000000

	*dmm29_3	-25	-150	-25		25	150	25
	-node_tm
	0.017452 0.000000 0.999848 0.000000
	0.000000 1.000000 0.000000 0.000000
	-0.999848 0.000000 0.017452 0.000000
	-5544.000000 -206.000000 56.000000 1.000000

	*dmm25_0	-25	-80	-25		25	80	25
	-node_tm
	0.017452 0.000000 0.999848 0.000000
	0.000000 1.000000 0.000000 0.000000
	-0.999848 0.000000 0.017452 0.000000
	-6051.000000 -201.000000 485.000000 1.000000

	*dmm25_1	-25	-80	-25		25	80	25
	-node_tm
	0.017452 0.000000 0.999848 0.000000
	0.000000 1.000000 0.000000 0.000000
	-0.999848 0.000000 0.017452 0.000000
	-6053.000000 -201.000000 645.000000 1.000000

	*dmm25_2	-25	-80	-25		25	80	25
	-node_tm
	0.017452 0.000000 0.999848 0.000000
	0.000000 1.000000 0.000000 0.000000
	-0.999848 0.000000 0.017452 0.000000
	-6218.000000 -201.000000 485.000000 1.000000

	*dmm25_3	-25	-80	-25		25	80	25
	-node_tm
	0.017452 0.000000 0.999848 0.000000
	0.000000 1.000000 0.000000 0.000000
	-0.999848 0.000000 0.017452 0.000000
	-6221.000000 -201.000000 651.000000 1.000000

	*dmm26_0	-25	-80	-25		25	80	25
	-node_tm
	0.017452 0.000000 0.999848 0.000000
	0.000000 1.000000 0.000000 0.000000
	-0.999848 0.000000 0.017452 0.000000
	-6137.000000 -201.000000 479.000000 1.000000

	*dmm26_1	-25	-80	-25		25	80	25
	-node_tm
	0.017452 0.000000 0.999848 0.000000
	0.000000 1.000000 0.000000 0.000000
	-0.999848 0.000000 0.017452 0.000000
	-6049.000000 -201.000000 563.000000 1.000000

	*dmm26_2	-25	-80	-25		25	80	25
	-node_tm
	0.017452 0.000000 0.999848 0.000000
	0.000000 1.000000 0.000000 0.000000
	-0.999848 0.000000 0.017452 0.000000
	-6222.000000 -201.000000 568.000000 1.000000

	*dmm26_3	-25	-80	-25		25	80	25
	-node_tm
	0.017452 0.000000 0.999848 0.000000
	0.000000 1.000000 0.000000 0.000000
	-0.999848 0.000000 0.017452 0.000000
	-6144.000000 -201.000000 654.000000 1.000000

	*dmm27_0	-50	-80	-50		50	80	50
	-node_tm
	0.017452 0.000000 0.999848 0.000000
	0.000000 1.000000 0.000000 0.000000
	-0.999848 0.000000 0.017452 0.000000
	-6134.000000 -201.000000 555.000000 1.000000

	*dmm30_0	-25	-150	-25		25	150	25
	-node_tm
	0.358368 0.000000 0.933580 0.000000
	0.000000 1.000000 0.000000 0.000000
	-0.933580 0.000000 0.358368 0.000000
	-6993.000000 -206.000000 54.000000 1.000000

	*dmm30_1	-25	-150	-25		25	150	25
	-node_tm
	0.358368 0.000000 0.933580 0.000000
	0.000000 1.000000 0.000000 0.000000
	-0.933580 0.000000 0.358368 0.000000
	-6926.000000 -206.000000 214.000000 1.000000

	*dmm30_2	-25	-150	-25		25	150	25
	-node_tm
	0.358368 0.000000 0.933580 0.000000
	0.000000 1.000000 0.000000 0.000000
	-0.933580 0.000000 0.358368 0.000000
	-7169.000000 -206.000000 122.000000 1.000000

	*dmm30_3	-25	-150	-25		25	150	25
	-node_tm
	0.358368 0.000000 0.933580 0.000000
	0.000000 1.000000 0.000000 0.000000
	-0.933580 0.000000 0.358368 0.000000
	-7106.000000 -206.000000 275.000000 1.000000

	*dmm31_0	-25	-150	-25		25	150	25
	-node_tm
	0.358368 0.000000 0.933580 0.000000
	0.000000 1.000000 0.000000 0.000000
	-0.933580 0.000000 0.358368 0.000000
	-7084.000000 -198.000000 90.000000 1.000000

	*dmm31_1	-25	-150	-25		25	150	25
	-node_tm
	0.358368 0.000000 0.933580 0.000000
	0.000000 1.000000 0.000000 0.000000
	-0.933580 0.000000 0.358368 0.000000
	-7035.000000 -198.000000 248.000000 1.000000

	*dmm31_2	-25	-150	-25		25	150	25
	-node_tm
	0.358368 0.000000 0.933580 0.000000
	0.000000 1.000000 0.000000 0.000000
	-0.933580 0.000000 0.358368 0.000000
	-6956.000000 -198.000000 138.000000 1.000000

	*dmm31_3	-25	-150	-25		25	150	25
	-node_tm
	0.358368 0.000000 0.933580 0.000000
	0.000000 1.000000 0.000000 0.000000
	-0.933580 0.000000 0.358368 0.000000
	-7147.000000 -198.000000 202.000000 1.000000

	*dmm32_0	-50	-150	-50		50	150	50
	-node_tm
	0.358368 0.000000 0.933580 0.000000
	0.000000 1.000000 0.000000 0.000000
	-0.933580 0.000000 0.358368 0.000000
	-7054.000000 -199.000000 162.000000 1.000000

	*dmm33_0	-25	-50	-25		25	50	25
	-node_tm
	0.939693 0.000000 0.342020 0.000000
	0.000000 1.000000 0.000000 0.000000
	-0.342020 0.000000 0.939693 0.000000
	-7301.000000 -194.000000 1457.000000 1.000000

	*dmm33_1	-25	-50	-25		25	50	25
	-node_tm
	0.939693 0.000000 0.342020 0.000000
	0.000000 1.000000 0.000000 0.000000
	-0.342020 0.000000 0.939693 0.000000
	-7342.000000 -194.000000 1586.000000 1.000000

	*dmm33_2	-25	-50	-25		25	50	25
	-node_tm
	0.939693 0.000000 0.342020 0.000000
	0.000000 1.000000 0.000000 0.000000
	-0.342020 0.000000 0.939693 0.000000
	-7471.000000 -194.000000 1392.000000 1.000000

	*dmm33_3	-25	-50	-25		25	50	25
	-node_tm
	0.939693 0.000000 0.342020 0.000000
	0.000000 1.000000 0.000000 0.000000
	-0.342020 0.000000 0.939693 0.000000
	-7516.000000 -194.000000 1534.000000 1.000000

	*dmm50_0	-25	-50	-25		25	50	25
	-node_tm
	0.945519 0.000000 0.325568 0.000000
	0.000000 1.000000 0.000000 0.000000
	-0.325568 0.000000 0.945519 0.000000
	-7325.000000 -201.000000 1529.000000 1.000000

	*dmm50_1	-25	-50	-25		25	50	25
	-node_tm
	0.945519 0.000000 0.325568 0.000000
	0.000000 1.000000 0.000000 0.000000
	-0.325568 0.000000 0.945519 0.000000
	-7433.000000 -201.000000 1564.000000 1.000000

	*dmm50_2	-25	-50	-25		25	50	25
	-node_tm
	0.945519 0.000000 0.325568 0.000000
	0.000000 1.000000 0.000000 0.000000
	-0.325568 0.000000 0.945519 0.000000
	-7384.000000 -201.000000 1427.000000 1.000000

	*dmm50_3	-25	-50	-25		25	50	25
	-node_tm
	0.945519 0.000000 0.325568 0.000000
	0.000000 1.000000 0.000000 0.000000
	-0.325568 0.000000 0.945519 0.000000
	-7497.000000 -201.000000 1468.000000 1.000000

	*dmm51_0	-50	-50	-50		50	50	50
	-node_tm
	0.927184 0.000000 0.374607 0.000000
	0.000000 1.000000 0.000000 0.000000
	-0.374607 0.000000 0.927184 0.000000
	-7411.000000 -201.000000 1494.000000 1.000000

	*dmm52_0	-25	-50	-25		25	50	25
	-node_tm
	0.515038 0.000000 0.857167 0.000000
	0.000000 1.000000 0.000000 0.000000
	-0.857167 0.000000 0.515038 0.000000
	-8243.000000 -202.000000 759.000000 1.000000

	*dmm52_1	-25	-50	-25		25	50	25
	-node_tm
	0.515038 0.000000 0.857167 0.000000
	0.000000 1.000000 0.000000 0.000000
	-0.857167 0.000000 0.515038 0.000000
	-8172.000000 -202.000000 877.000000 1.000000

	*dmm52_2	-25	-50	-25		25	50	25
	-node_tm
	0.515038 0.000000 0.857167 0.000000
	0.000000 1.000000 0.000000 0.000000
	-0.857167 0.000000 0.515038 0.000000
	-8345.000000 -202.000000 821.000000 1.000000

	*dmm52_3	-25	-50	-25		25	50	25
	-node_tm
	0.515038 0.000000 0.857167 0.000000
	0.000000 1.000000 0.000000 0.000000
	-0.857167 0.000000 0.515038 0.000000
	-8277.000000 -202.000000 944.000000 1.000000

	*dmm53_0	-25	-50	-25		25	50	25
	-node_tm
	0.515038 0.000000 0.857167 0.000000
	0.000000 1.000000 0.000000 0.000000
	-0.857167 0.000000 0.515038 0.000000
	-8293.000000 -203.000000 791.000000 1.000000

	*dmm53_1	-25	-50	-25		25	50	25
	-node_tm
	0.515038 0.000000 0.857167 0.000000
	0.000000 1.000000 0.000000 0.000000
	-0.857167 0.000000 0.515038 0.000000
	-8206.000000 -203.000000 820.000000 1.000000

	*dmm53_2	-25	-50	-25		25	50	25
	-node_tm
	0.515038 0.000000 0.857167 0.000000
	0.000000 1.000000 0.000000 0.000000
	-0.857167 0.000000 0.515038 0.000000
	-8316.000000 -203.000000 885.000000 1.000000

	*dmm53_3	-25	-50	-25		25	50	25
	-node_tm
	0.515038 0.000000 0.857167 0.000000
	0.000000 1.000000 0.000000 0.000000
	-0.857167 0.000000 0.515038 0.000000
	-8228.000000 -203.000000 912.000000 1.000000

	*dmm54_0	-50	-50	-50		50	50	50
	-node_tm
	0.515038 0.000000 0.857167 0.000000
	0.000000 1.000000 0.000000 0.000000
	-0.857167 0.000000 0.515038 0.000000
	-8261.000000 -202.000000 860.000000 1.000000

	*dmm56_0	-20	-150	-20		20	150	20
	-node_tm
	0.927184 0.000000 0.374607 0.000000
	0.000000 1.000000 0.000000 0.000000
	-0.374607 0.000000 0.927184 0.000000
	-3014.000000 -150.000000 1087.000000 1.000000

	*dmm56_1	-20	-150	-20		20	150	20
	-node_tm
	0.927184 0.000000 0.374607 0.000000
	0.000000 1.000000 0.000000 0.000000
	-0.374607 0.000000 0.927184 0.000000
	-2798.000000 -150.000000 1216.000000 1.000000

	*dmm56_2	-20	-150	-20		20	150	20
	-node_tm
	0.927184 0.000000 0.374607 0.000000
	0.000000 1.000000 0.000000 0.000000
	-0.374607 0.000000 0.927184 0.000000
	-2974.000000 -150.000000 1246.000000 1.000000

	*dmm56_3	-20	-150	-20		20	150	20
	-node_tm
	0.927184 0.000000 0.374607 0.000000
	0.000000 1.000000 0.000000 0.000000
	-0.374607 0.000000 0.927184 0.000000
	-2910.000000 -150.000000 1359.000000 1.000000

	*dmm57_0	-30	-80	-30		30	80	30
	-node_tm
	-0.819152 0.000000 0.573576 0.000000
	0.000000 1.000000 0.000000 0.000000
	-0.573576 0.000000 -0.819152 0.000000
	-3575.000000 -126.000000 1397.000000 1.000000

	*dmm58_0	-20	-80	-20		20	80	20
	-node_tm
	-0.819152 0.000000 0.573576 0.000000
	0.000000 1.000000 0.000000 0.000000
	-0.573576 0.000000 -0.819152 0.000000
	-3527.000000 -132.000000 1484.000000 1.000000

	*dmm59_0	-15	-60	-15		15	60	15
	-node_tm
	1.000000 0.000000 -0.000000 0.000000
	0.000000 1.000000 0.000000 0.000000
	0.000000 0.000000 1.000000 0.000000
	-2977.000000 -82.000000 1144.000000 1.000000

	*dmm60_0	-40	-150	-40		40	150	40
	-node_tm
	0.927184 0.000000 0.374607 0.000000
	0.000000 1.000000 0.000000 0.000000
	-0.374607 0.000000 0.927184 0.000000
	-3355.000000 -151.000000 1689.000000 1.000000

	*dmm61_0	-40	-150	-40		40	150	40
	-node_tm
	0.927184 0.000000 0.374607 0.000000
	0.000000 1.000000 0.000000 0.000000
	-0.374607 0.000000 0.927184 0.000000
	-3111.000000 -108.000000 1833.000000 1.000000

	*dmm62_0	-20	-150	-20		20	150	20
	-node_tm
	0.927184 0.000000 0.374607 0.000000
	0.000000 1.000000 0.000000 0.000000
	-0.374607 0.000000 0.927184 0.000000
	-3339.000000 -149.000000 1599.000000 1.000000

	*dmm62_1	-20	-150	-20		20	150	20
	-node_tm
	0.927184 0.000000 0.374607 0.000000
	0.000000 1.000000 0.000000 0.000000
	-0.374607 0.000000 0.927184 0.000000
	-3214.000000 -149.000000 1691.000000 1.000000

	*dmm62_2	-20	-150	-20		20	150	20
	-node_tm
	0.927184 0.000000 0.374607 0.000000
	0.000000 1.000000 0.000000 0.000000
	-0.374607 0.000000 0.927184 0.000000
	-3475.000000 -149.000000 1676.000000 1.000000

	*dmm62_3	-20	-150	-20		20	150	20
	-node_tm
	0.927184 0.000000 0.374607 0.000000
	0.000000 1.000000 0.000000 0.000000
	-0.374607 0.000000 0.927184 0.000000
	-3350.000000 -149.000000 1849.000000 1.000000

	*dmm63_0	-20	-150	-20		20	150	20
	-node_tm
	0.927184 0.000000 0.374607 0.000000
	0.000000 1.000000 0.000000 0.000000
	-0.374607 0.000000 0.927184 0.000000
	-3079.000000 -109.000000 1753.000000 1.000000

	*dmm63_1	-20	-150	-20		20	150	20
	-node_tm
	0.927184 0.000000 0.374607 0.000000
	0.000000 1.000000 0.000000 0.000000
	-0.374607 0.000000 0.927184 0.000000
	-3023.000000 -107.000000 1794.000000 1.000000

	*dmm63_2	-20	-150	-20		20	150	20
	-node_tm
	0.927184 0.000000 0.374607 0.000000
	0.000000 1.000000 0.000000 0.000000
	-0.374607 0.000000 0.927184 0.000000
	-3240.000000 -133.000000 1845.000000 1.000000

	*dmm63_3	-20	-150	-20		20	150	20
	-node_tm
	0.927184 0.000000 0.374607 0.000000
	0.000000 1.000000 0.000000 0.000000
	-0.374607 0.000000 0.927184 0.000000
	-2990.000000 -94.000000 1870.000000 1.000000

	*dmm114_0	-40	-80	-20		40	80	20
	-node_tm
	1.000000 0.000000 -0.000000 0.000000
	0.000000 1.000000 0.000000 0.000000
	0.000000 0.000000 1.000000 0.000000
	-2027.000000 -174.000000 350.000000 1.000000

	*dmm114_1	-40	-80	-20		40	80	20
	-node_tm
	1.000000 0.000000 -0.000000 0.000000
	0.000000 1.000000 0.000000 0.000000
	0.000000 0.000000 1.000000 0.000000
	-2043.000000 -174.000000 541.000000 1.000000

	*dmm115_0	-40	-80	-20		40	80	20
	-node_tm
	1.000000 0.000000 -0.000000 0.000000
	0.000000 1.000000 0.000000 0.000000
	0.000000 0.000000 1.000000 0.000000
	-2255.000000 -169.000000 286.000000 1.000000

	*dmm115_1	-40	-80	-20		40	80	20
	-node_tm
	1.000000 0.000000 -0.000000 0.000000
	0.000000 1.000000 0.000000 0.000000
	0.000000 0.000000 1.000000 0.000000
	-2240.000000 -169.000000 559.000000 1.000000

	*dmm116_0	-40	-80	-20		40	80	20
	-node_tm
	1.000000 0.000000 -0.000000 0.000000
	0.000000 1.000000 0.000000 0.000000
	0.000000 0.000000 1.000000 0.000000
	-2432.000000 -169.000000 320.000000 1.000000

	*dmm116_1	-40	-80	-20		40	80	20
	-node_tm
	1.000000 0.000000 -0.000000 0.000000
	0.000000 1.000000 0.000000 0.000000
	0.000000 0.000000 1.000000 0.000000
	-2424.000000 -169.000000 556.000000 1.000000

	*dmm117_0	-20	-80	-20		20	80	20
	-node_tm
	0.017452 0.000000 0.999848 0.000000
	0.000000 1.000000 0.000000 0.000000
	-0.999848 0.000000 0.017452 0.000000
	-3018.000000 -173.000000 486.000000 1.000000

	*dmm117_1	-20	-80	-20		20	80	20
	-node_tm
	0.017452 0.000000 0.999848 0.000000
	0.000000 1.000000 0.000000 0.000000
	-0.999848 0.000000 0.017452 0.000000
	-2993.000000 -173.000000 542.000000 1.000000

	*dmm117_2	-20	-80	-20		20	80	20
	-node_tm
	0.017452 0.000000 0.999848 0.000000
	0.000000 1.000000 0.000000 0.000000
	-0.999848 0.000000 0.017452 0.000000
	-3067.000000 -173.000000 460.000000 1.000000

	*dmm117_3	-20	-80	-20		20	80	20
	-node_tm
	0.017452 0.000000 0.999848 0.000000
	0.000000 1.000000 0.000000 0.000000
	-0.999848 0.000000 0.017452 0.000000
	-3071.000000 -173.000000 522.000000 1.000000

	*dmm118_0	-20	-80	-20		20	80	20
	-node_tm
	0.017452 0.000000 0.999848 0.000000
	0.000000 1.000000 0.000000 0.000000
	-0.999848 0.000000 0.017452 0.000000
	-2763.000000 -169.000000 239.000000 1.000000

	*dmm118_1	-20	-80	-20		20	80	20
	-node_tm
	0.017452 0.000000 0.999848 0.000000
	0.000000 1.000000 0.000000 0.000000
	-0.999848 0.000000 0.017452 0.000000
	-2699.000000 -169.000000 287.000000 1.000000

	*dmm118_2	-20	-80	-20		20	80	20
	-node_tm
	0.017452 0.000000 0.999848 0.000000
	0.000000 1.000000 0.000000 0.000000
	-0.999848 0.000000 0.017452 0.000000
	-2799.000000 -169.000000 308.000000 1.000000

	*dmm118_3	-20	-80	-20		20	80	20
	-node_tm
	0.017452 0.000000 0.999848 0.000000
	0.000000 1.000000 0.000000 0.000000
	-0.999848 0.000000 0.017452 0.000000
	-2904.000000 -169.000000 259.000000 1.000000

	*dmm119_0	-40	-50	-40		40	50	40
	-node_tm
	0.999848 0.000000 -0.017452 0.000000
	0.000000 1.000000 0.000000 0.000000
	0.017452 0.000000 0.999848 0.000000
	-5016.000000 -201.000000 587.000000 1.000000

	*dmm55_0	-100	-150	-100		100	150	100
	-node_tm
	0.945519 0.000000 -0.325568 0.000000
	0.000000 1.000000 0.000000 0.000000
	0.325568 0.000000 0.945519 0.000000
	-6677.000000 -201.000000 634.000000 1.000000

	*dmm55_1	-100	-150	-100		100	150	100
	-node_tm
	0.999391 0.000000 -0.034899 0.000000
	0.000000 1.000000 0.000000 0.000000
	0.034899 0.000000 0.999391 0.000000
	-6213.000000 -201.000000 16.000000 1.000000

	*dmm55_2	-100	-150	-100		100	150	100
	-node_tm
	0.999848 0.000000 0.017452 0.000000
	0.000000 1.000000 0.000000 0.000000
	-0.017452 0.000000 0.999848 0.000000
	-5573.000000 -201.000000 515.000000 1.000000

	*dmm120_0	-25	-50	-25		25	50	25
	-node_tm
	0.999848 0.000000 -0.017452 0.000000
	0.000000 1.000000 0.000000 0.000000
	0.017452 0.000000 0.999848 0.000000
	-5019.000000 -201.000000 491.000000 1.000000

	*dmm120_1	-25	-50	-25		25	50	25
	-node_tm
	0.999848 0.000000 -0.017452 0.000000
	0.000000 1.000000 0.000000 0.000000
	0.017452 0.000000 0.999848 0.000000
	-4940.000000 -201.000000 577.000000 1.000000

	*dmm120_2	-25	-50	-25		25	50	25
	-node_tm
	0.999848 0.000000 -0.017452 0.000000
	0.000000 1.000000 0.000000 0.000000
	0.017452 0.000000 0.999848 0.000000
	-5105.000000 -201.000000 575.000000 1.000000

	*dmm120_3	-25	-50	-25		25	50	25
	-node_tm
	0.999848 0.000000 -0.017452 0.000000
	0.000000 1.000000 0.000000 0.000000
	0.017452 0.000000 0.999848 0.000000
	-5015.000000 -201.000000 652.000000 1.000000

	*dmm121_0	-25	-50	-25		25	50	25
	-node_tm
	0.999848 0.000000 -0.017452 0.000000
	0.000000 1.000000 0.000000 0.000000
	0.017452 0.000000 0.999848 0.000000
	-4940.000000 -201.000000 491.000000 1.000000

	*dmm121_1	-25	-50	-25		25	50	25
	-node_tm
	0.999848 0.000000 -0.017452 0.000000
	0.000000 1.000000 0.000000 0.000000
	0.017452 0.000000 0.999848 0.000000
	-4936.000000 -201.000000 644.000000 1.000000

	*dmm121_2	-25	-50	-25		25	50	25
	-node_tm
	0.999848 0.000000 -0.017452 0.000000
	0.000000 1.000000 0.000000 0.000000
	0.017452 0.000000 0.999848 0.000000
	-5100.000000 -201.000000 489.000000 1.000000

	*dmm121_3	-25	-50	-25		25	50	25
	-node_tm
	0.999848 0.000000 -0.017452 0.000000
	0.000000 1.000000 0.000000 0.000000
	0.017452 0.000000 0.999848 0.000000
	-5101.000000 -201.000000 647.000000 1.000000

	*medicallabm01	-30	-100	-30		30	100	30
	-node_tm
	-0.956305 0.000000 0.292372 0.000000
	0.000000 1.000000 0.000000 0.000000
	-0.292372 0.000000 -0.956305 0.000000
	-3678.000000 -124.000000 270.000000 1.000000

	*medicallabm02	-20	-100	-20		20	100	20
	-node_tm
	-0.999391 0.000000 -0.034899 0.000000
	0.000000 1.000000 0.000000 0.000000
	0.034899 0.000000 -0.999391 0.000000
	-3697.000000 -133.000000 468.000000 1.000000

	*medicallabm03	-20	-100	-20		20	100	20
	-node_tm
	-0.882948 0.000000 0.469472 0.000000
	0.000000 1.000000 0.000000 0.000000
	-0.469472 0.000000 -0.882948 0.000000
	-3595.000000 -141.000000 435.000000 1.000000

	*medicallabm04	-20	-100	-20		20	100	20
	-node_tm
	-0.515038 0.000000 0.857167 0.000000
	0.000000 1.000000 0.000000 0.000000
	-0.857167 0.000000 -0.515038 0.000000
	-3531.000000 -134.000000 361.000000 1.000000

	*medicallabm05	-20	-100	-20		20	100	20
	-node_tm
	-0.882948 0.000000 -0.469472 0.000000
	0.000000 1.000000 0.000000 0.000000
	0.469472 0.000000 -0.882948 0.000000
	-3801.000000 -114.000000 439.000000 1.000000

	*medicallabm06	-20	-100	-20		20	100	20
	-node_tm
	-0.515038 0.000000 -0.857167 0.000000
	0.000000 1.000000 0.000000 0.000000
	0.857167 0.000000 -0.515038 0.000000
	-3875.000000 -130.000000 359.000000 1.000000

	*medicallabm07	-20	-100	-20		20	100	20
	-node_tm
	-0.017452 0.000000 -0.999848 0.000000
	0.000000 1.000000 0.000000 0.000000
	0.999848 0.000000 -0.017452 0.000000
	-3904.000000 -142.000000 260.000000 1.000000

	*medicallabm08	-20	-100	-20		20	100	20
	-node_tm
	0.544639 0.000000 -0.838671 0.000000
	0.000000 1.000000 0.000000 0.000000
	0.838671 0.000000 0.544639 0.000000
	-3870.000000 -140.000000 166.000000 1.000000

	*medicallabm09	-20	-100	-20		20	100	20
	-node_tm
	0.857167 0.000000 -0.515038 0.000000
	0.000000 1.000000 0.000000 0.000000
	0.515038 0.000000 0.857167 0.000000
	-3795.000000 -117.000000 107.000000 1.000000

	*medicallabm10	-20	-100	-20		20	100	20
	-node_tm
	0.999848 0.000000 -0.017452 0.000000
	0.000000 1.000000 0.000000 0.000000
	0.017452 0.000000 0.999848 0.000000
	-3696.000000 -135.000000 89.000000 1.000000

	*medicallabm11	-20	-100	-20		20	100	20
	-node_tm
	0.882948 0.000000 0.469472 0.000000
	0.000000 1.000000 0.000000 0.000000
	-0.469472 0.000000 0.882948 0.000000
	-3615.000000 -102.000000 95.000000 1.000000

	*medicallabm12	-20	-100	-20		20	100	20
	-node_tm
	0.406737 0.000000 0.913545 0.000000
	0.000000 1.000000 0.000000 0.000000
	-0.913545 0.000000 0.406737 0.000000
	-3538.000000 -141.000000 163.000000 1.000000

	*medicallabm13	-20	-100	-20		20	100	20
	-node_tm
	-0.000000 0.000000 1.000000 0.000000
	0.000000 1.000000 0.000000 0.000000
	-1.000000 0.000000 -0.000000 0.000000
	-3500.000000 -131.000000 273.000000 1.000000

