script_begin


[HelperObjectBegin]

	*dpstart	-50	-50	-50		50	50	50
	-node_tm
	0.838671 0.000000 0.544639 0.000000
	0.000000 1.000000 0.000000 0.000000
	-0.544639 0.000000 0.838671 0.000000
	-106.000000 1095.000000 -8788.000000 1.000000

	*dmm01	-100	-50	-100		100	50	100
	-node_tm
	0.838671 0.000000 0.544639 0.000000
	0.000000 1.000000 0.000000 0.000000
	-0.544639 0.000000 0.838671 0.000000
	3042.000000 1090.000000 -8442.000000 1.000000

	*dmm02	-70	-50	-120		70	50	120
	-node_tm
	0.069756 0.000000 -0.997564 0.000000
	0.000000 1.000000 0.000000 0.000000
	0.997564 0.000000 0.069756 0.000000
	2899.000000 1126.000000 -7958.000000 1.000000

	*dmm03	-150	-50	-60		150	50	60
	-node_tm
	0.069756 0.000000 -0.997564 0.000000
	0.000000 1.000000 0.000000 0.000000
	0.997564 0.000000 0.069756 0.000000
	3587.000000 1115.000000 -8139.000000 1.000000

	*dmm04	-100	-50	-350		100	50	350
	-node_tm
	0.374607 0.000000 -0.927184 0.000000
	0.000000 1.000000 0.000000 0.000000
	0.927184 0.000000 0.374607 0.000000
	1343.000000 1107.000000 -8302.000000 1.000000

	*dmm05	-150	-50	-200		150	50	200
	-node_tm
	0.956305 0.000000 0.292372 0.000000
	0.000000 1.000000 0.000000 0.000000
	-0.292372 0.000000 0.956305 0.000000
	1286.000000 1093.000000 -7324.000000 1.000000

	*dmm06	-60	-100	-220		60	100	220
	-node_tm
	1.000000 0.000000 -0.000000 0.000000
	0.000000 1.000000 0.000000 0.000000
	0.000000 0.000000 1.000000 0.000000
	259.000000 951.000000 -6148.000000 1.000000

	*dmm07	-180	-100	-220		180	100	220
	-node_tm
	0.992546 0.000000 -0.121869 0.000000
	0.000000 1.000000 0.000000 0.000000
	0.121869 0.000000 0.992546 0.000000
	352.000000 847.000000 -4569.000000 1.000000

	*dmm08	-180	-100	-220		180	100	220
	-node_tm
	0.438371 0.000000 -0.898794 0.000000
	0.000000 1.000000 0.000000 0.000000
	0.898794 0.000000 0.438371 0.000000
	2507.000000 517.000000 -4425.000000 1.000000

	*dmm09	-400	-100	-220		400	100	220
	-node_tm
	0.829038 0.000000 -0.559193 0.000000
	0.000000 1.000000 0.000000 0.000000
	0.559193 0.000000 0.829038 0.000000
	2398.000000 449.000000 -3371.000000 1.000000

	*dmm10	-40	-50	-150		40	50	150
	-node_tm
	-0.017452 0.000000 -0.999848 0.000000
	0.000000 1.000000 0.000000 0.000000
	0.999848 0.000000 -0.017452 0.000000
	3632.000000 629.000000 -3973.000000 1.000000

	*dmm11	-50	-50	-50		50	50	50
	-node_tm
	-0.017452 0.000000 -0.999848 0.000000
	0.000000 1.000000 0.000000 0.000000
	0.999848 0.000000 -0.017452 0.000000
	4207.000000 633.000000 -3976.000000 1.000000

	*dmm12	-300	-100	-300		300	100	300
	-node_tm
	0.996195 0.000000 -0.087156 0.000000
	0.000000 1.000000 0.000000 0.000000
	0.087156 0.000000 0.996195 0.000000
	1802.000000 42.000000 -695.000000 1.000000

	*dmm13	-500	-100	-300		500	100	300
	-node_tm
	0.798635 0.000000 -0.601815 0.000000
	0.000000 1.000000 0.000000 0.000000
	0.601815 0.000000 0.798635 0.000000
	2450.000000 81.000000 -18.000000 1.000000

	*dmm14	-450	-100	-400		450	100	400
	-node_tm
	0.997564 0.000000 0.069756 0.000000
	0.000000 1.000000 0.000000 0.000000
	-0.069756 0.000000 0.997564 0.000000
	2664.000000 27.000000 1114.000000 1.000000

	*dmm15	-200	-100	-600		200	100	600
	-node_tm
	0.978148 0.000000 -0.207912 0.000000
	0.000000 1.000000 0.000000 0.000000
	0.207912 0.000000 0.978148 0.000000
	2659.000000 27.000000 2776.000000 1.000000

	*dmm16	-400	-100	-300		400	100	300
	-node_tm
	0.999391 0.000000 -0.034899 0.000000
	0.000000 1.000000 0.000000 0.000000
	0.034899 0.000000 0.999391 0.000000
	2054.000000 45.000000 3429.000000 1.000000

	*dmm17	-600	-100	-100		600	100	100
	-node_tm
	0.173648 0.000000 0.984808 0.000000
	0.000000 1.000000 0.000000 0.000000
	-0.984808 0.000000 0.173648 0.000000
	1581.000000 174.000000 2353.000000 1.000000

	*dmm18	-400	-100	-400		400	100	400
	-node_tm
	-0.990268 0.000000 0.139173 0.000000
	0.000000 1.000000 0.000000 0.000000
	-0.139173 0.000000 -0.990268 0.000000
	1070.000000 183.000000 900.000000 1.000000

	*dmm19	-600	-100	-300		600	100	300
	-node_tm
	0.121869 0.000000 0.992546 0.000000
	0.000000 1.000000 0.000000 0.000000
	-0.992546 0.000000 0.121869 0.000000
	163.000000 184.000000 1172.000000 1.000000

	*dmm20	-200	-100	-200		200	100	200
	-node_tm
	0.857167 0.000000 0.515038 0.000000
	0.000000 1.000000 0.000000 0.000000
	-0.515038 0.000000 0.857167 0.000000
	-403.000000 183.000000 2448.000000 1.000000

	*dmmboss01	-200	-100	-200		200	100	200
	-node_tm
	-0.927184 0.000000 0.374607 0.000000
	0.000000 1.000000 0.000000 0.000000
	-0.374607 0.000000 -0.927184 0.000000
	-1467.000000 375.000000 1626.000000 1.000000

[HelperObjectEnd]

script_end
