script_begin


[HelperObjectBegin]

	*dpstart	-20	-14	-20		20	14	20
	-node_tm
	1.000000 0.000000 -0.000000 0.000000
	0.000000 1.000000 0.000000 0.000000
	0.000000 0.000000 1.000000 0.000000
	0.000000 -18.000000 1.000000 1.000000

	*dpgoto_neutralb	-20	-14	-20		20	14	20
	-node_tm
	1.000000 0.000000 -0.000000 0.000000
	0.000000 1.000000 0.000000 0.000000
	0.000000 0.000000 1.000000 0.000000
	0.000000 -18.000000 1.000000 1.000000

	*dpgoto_neutrala	-20	-14	-20		20	14	20
	-node_tm
	1.000000 0.000000 -0.000000 0.000000
	0.000000 1.000000 0.000000 0.000000
	0.000000 0.000000 1.000000 0.000000
	0.000000 -18.000000 1.000000 1.000000

	*dpgoto_neutralc	-20	-14	-20		20	14	20
	-node_tm
	1.000000 0.000000 -0.000000 0.000000
	0.000000 1.000000 0.000000 0.000000
	0.000000 0.000000 1.000000 0.000000
	0.000000 -18.000000 1.000000 1.000000

	*dpfrom_neutralb	-20	-14	-20		20	14	20
	-node_tm
	1.000000 0.000000 -0.000000 0.000000
	0.000000 1.000000 0.000000 0.000000
	0.000000 0.000000 1.000000 0.000000
	0.000000 -18.000000 1.000000 1.000000

	*dpfrom_neutrala	-20	-14	-20		20	14	20
	-node_tm
	1.000000 0.000000 -0.000000 0.000000
	0.000000 1.000000 0.000000 0.000000
	0.000000 0.000000 1.000000 0.000000
	0.000000 -18.000000 1.000000 1.000000

	*dpfrom_neutralc	-20	-14	-20		20	14	20
	-node_tm
	1.000000 0.000000 -0.000000 0.000000
	0.000000 1.000000 0.000000 0.000000
	0.000000 0.000000 1.000000 0.000000
	0.000000 -18.000000 1.000000 1.000000

	*dm00m51_0	-80	-50	-80		80	50	80
	-node_tm
	1.000000 0.000000 -0.000000 0.000000
	0.000000 1.000000 0.000000 0.000000
	0.000000 0.000000 1.000000 0.000000
	-522.000000 193.000000 825.000000 1.000000

	*dm00m50_0	-80	-50	-80		80	50	80
	-node_tm
	1.000000 0.000000 -0.000000 0.000000
	0.000000 1.000000 0.000000 0.000000
	0.000000 0.000000 1.000000 0.000000
	47.000000 320.000000 807.000000 1.000000

	*dm00m52_0	-80	-50	-80		80	50	80
	-node_tm
	1.000000 0.000000 -0.000000 0.000000
	0.000000 1.000000 0.000000 0.000000
	0.000000 0.000000 1.000000 0.000000
	580.000000 141.000000 525.000000 1.000000

	*dm00m53_0	-80	-50	-80		80	50	80
	-node_tm
	0.990268 0.000000 -0.139173 0.000000
	0.000000 1.000000 0.000000 0.000000
	0.139173 0.000000 0.990268 0.000000
	663.000000 -199.000000 -195.000000 1.000000

	*dm00m54_0	-80	-100	-80		80	100	80
	-node_tm
	1.000000 0.000000 -0.000000 0.000000
	0.000000 1.000000 0.000000 0.000000
	0.000000 0.000000 1.000000 0.000000
	588.000000 -69.000000 -584.000000 1.000000

	*dm00m55_0	-80	-50	-80		80	50	80
	-node_tm
	0.898794 0.000000 -0.438371 0.000000
	0.000000 1.000000 0.000000 0.000000
	0.438371 0.000000 0.898794 0.000000
	-61.000000 -11.000000 -638.000000 1.000000

	*dm00m56_0	-70	-50	-70		70	50	70
	-node_tm
	0.743145 0.000000 -0.669131 0.000000
	0.000000 1.000000 0.000000 0.000000
	0.669131 0.000000 0.743145 0.000000
	-528.000000 46.000000 -325.000000 1.000000

	*dm00m57_0	-80	-50	-80		80	50	80
	-node_tm
	1.000000 0.000000 -0.000000 0.000000
	0.000000 1.000000 0.000000 0.000000
	0.000000 0.000000 1.000000 0.000000
	-666.000000 123.000000 174.000000 1.000000

[HelperObjectEnd]

script_end
