script_begin


[HelperObjectBegin]

	*dpgoto_bellato_HQ	-94	-103	-83		94	103	83
	-node_tm
	0.999848 0.000000 -0.017452 0.000000
	0.000000 1.000000 0.000000 0.000000
	0.017452 0.000000 0.999848 0.000000
	4615.000000 1797.000000 1457.000000 1.000000

	*dpgoto_bellato_camp	-96	-25	-91		96	25	91
	-node_tm
	0.829038 0.000000 -0.559193 0.000000
	0.000000 1.000000 0.000000 0.000000
	0.559193 0.000000 0.829038 0.000000
	-5825.000000 576.000000 5668.000000 1.000000

	*dpgoto_resources	-96	-25	-91		96	25	91
	-node_tm
	0.829038 0.000000 -0.559193 0.000000
	0.000000 1.000000 0.000000 0.000000
	0.559193 0.000000 0.829038 0.000000
	-5825.000000 576.000000 5668.000000 1.000000

	*dpgoto_neutralbs1_town	-96	-25	-91		96	25	91
	-node_tm
	0.829038 0.000000 -0.559193 0.000000
	0.000000 1.000000 0.000000 0.000000
	0.559193 0.000000 0.829038 0.000000
	-5825.000000 576.000000 5668.000000 1.000000

	*dpgoto_neutralbs2_town	-96	-25	-91		96	25	91
	-node_tm
	0.829038 0.000000 -0.559193 0.000000
	0.000000 1.000000 0.000000 0.000000
	0.559193 0.000000 0.829038 0.000000
	-5825.000000 576.000000 5668.000000 1.000000

	*dpgoto_neutralbs1	-309	-184	-275		309	184	275
	-node_tm
	1.000000 0.000000 -0.000000 0.000000
	0.000000 1.000000 0.000000 0.000000
	0.000000 0.000000 1.000000 0.000000
	9460.000000 1688.000000 -2927.000000 1.000000

	*dpgoto_transport01	-44	-46	-73		44	46	73
	-node_tm
	0.766044 0.000000 -0.642788 0.000000
	0.000000 1.000000 0.000000 0.000000
	0.642788 0.000000 0.766044 0.000000
	-3535.000000 753.000000 7381.000000 1.000000

	*dpgoto_Sette	-96	-25	-91		96	25	91
	-node_tm
	0.829038 0.000000 -0.559193 0.000000
	0.000000 1.000000 0.000000 0.000000
	0.559193 0.000000 0.829038 0.000000
	-5825.000000 576.000000 5668.000000 1.000000

	*dpfrom_transport01	-44	-46	-73		44	46	73
	-node_tm
	0.766044 0.000000 -0.642788 0.000000
	0.000000 1.000000 0.000000 0.000000
	0.642788 0.000000 0.766044 0.000000
	-3535.000000 753.000000 7381.000000 1.000000

	*dpfrom_neutralbs1	-200	-184	-134		200	184	134
	-node_tm
	1.000000 0.000000 -0.000000 0.000000
	0.000000 1.000000 0.000000 0.000000
	0.000000 0.000000 1.000000 0.000000
	9213.000000 1662.000000 -3343.000000 1.000000

	*dpfrom_bellato_HQ	-148	-25	-34		148	25	34
	-node_tm
	0.000000 0.000000 -1.000000 0.000000
	0.000000 1.000000 0.000000 0.000000
	1.000000 0.000000 0.000000 0.000000
	4806.000000 1775.000000 1462.000000 1.000000

	*dpfrom_bellato_camp	-95	-25	-94		95	25	94
	-node_tm
	0.798635 0.000000 -0.601815 0.000000
	0.000000 1.000000 0.000000 0.000000
	0.601815 0.000000 0.798635 0.000000
	-6819.000000 644.000000 6359.000000 1.000000

	*dpfrom_resources	-95	-25	-94		95	25	94
	-node_tm
	0.798635 0.000000 -0.601815 0.000000
	0.000000 1.000000 0.000000 0.000000
	0.601815 0.000000 0.798635 0.000000
	-6819.000000 644.000000 6359.000000 1.000000

	*dpfrom_Sette	-95	-25	-94		95	25	94
	-node_tm
	0.798635 0.000000 -0.601815 0.000000
	0.000000 1.000000 0.000000 0.000000
	0.601815 0.000000 0.798635 0.000000
	-6816.000000 637.000000 6354.000000 1.000000

	*dpfrom_elan_bellato	-95	-25	-94		95	25	94
	-node_tm
	0.798635 0.000000 -0.601815 0.000000
	0.000000 1.000000 0.000000 0.000000
	0.601815 0.000000 0.798635 0.000000
	-6816.000000 637.000000 6354.000000 1.000000

	*dp_zbnr01	-77	-69	-77		77	69	77
	-node_tm
	1.000000 0.000000 -0.000000 0.000000
	0.000000 1.000000 0.000000 0.000000
	0.000000 0.000000 1.000000 0.000000
	-6942.000000 121.000000 -312.000000 1.000000

	*dp_zbnb01	-77	-50	-77		77	50	77
	-node_tm
	1.000000 0.000000 -0.000000 0.000000
	0.000000 1.000000 0.000000 0.000000
	0.000000 0.000000 1.000000 0.000000
	-3546.000000 845.000000 2511.000000 1.000000

	*dp_gbnh01	-20	-50	-20		20	50	20
	-node_tm
	1.000000 0.000000 -0.000000 0.000000
	0.000000 1.000000 0.000000 0.000000
	0.000000 0.000000 1.000000 0.000000
	-5242.000000 310.000000 1535.000000 1.000000

	*dp_gbnh02	-20	-50	-20		20	50	20
	-node_tm
	0.000000 0.000000 -1.000000 0.000000
	0.000000 1.000000 0.000000 0.000000
	1.000000 0.000000 0.000000 0.000000
	-5676.000000 472.000000 2170.000000 1.000000

	*dp_gbnh03	-20	-49	-20		20	49	20
	-node_tm
	1.000000 0.000000 -0.000000 0.000000
	0.000000 1.000000 0.000000 0.000000
	0.000000 0.000000 1.000000 0.000000
	-4693.000000 499.000000 1019.000000 1.000000

	*dp_bdbl01	-30	-2	-30		30	2	30
	-node_tm
	0.241922 0.000000 -0.970296 0.000000
	0.000000 1.000000 0.000000 0.000000
	0.970296 0.000000 0.241922 0.000000
	-7581.000000 622.000000 5903.000000 1.000000

	*dmm01_0	-100	-150	-100		100	150	100
	-node_tm
	0.981627 0.000000 -0.190809 0.000000
	0.000000 1.000000 0.000000 0.000000
	0.190809 0.000000 0.981627 0.000000
	-5404.000000 600.000000 3649.000000 1.000000

	*dmm01_1	-100	-150	-100		100	150	100
	-node_tm
	0.981627 0.000000 -0.190809 0.000000
	0.000000 1.000000 0.000000 0.000000
	0.190809 0.000000 0.981627 0.000000
	-5207.000000 600.000000 3688.000000 1.000000

	*dmm01_2	-100	-150	-100		100	150	100
	-node_tm
	0.981627 0.000000 -0.190809 0.000000
	0.000000 1.000000 0.000000 0.000000
	0.190809 0.000000 0.981627 0.000000
	-5011.000000 600.000000 3727.000000 1.000000

	*dmm01_3	-100	-150	-100		100	150	100
	-node_tm
	0.981627 0.000000 -0.190809 0.000000
	0.000000 1.000000 0.000000 0.000000
	0.190809 0.000000 0.981627 0.000000
	-5443.000000 600.000000 3845.000000 1.000000

	*dmm01_4	-100	-150	-100		100	150	100
	-node_tm
	0.981627 0.000000 -0.190809 0.000000
	0.000000 1.000000 0.000000 0.000000
	0.190809 0.000000 0.981627 0.000000
	-5247.000000 600.000000 3884.000000 1.000000

	*dmm01_5	-100	-150	-100		100	150	100
	-node_tm
	0.981627 0.000000 -0.190809 0.000000
	0.000000 1.000000 0.000000 0.000000
	0.190809 0.000000 0.981627 0.000000
	-5050.000000 600.000000 3924.000000 1.000000

	*dmm02_0	-100	-150	-50		100	150	50
	-node_tm
	0.190809 0.000000 -0.981627 0.000000
	0.000000 1.000000 0.000000 0.000000
	0.981627 0.000000 0.190809 0.000000
	-4806.000000 529.000000 4194.000000 1.000000

	*dmm02_1	-100	-150	-50		100	150	50
	-node_tm
	0.190809 0.000000 -0.981627 0.000000
	0.000000 1.000000 0.000000 0.000000
	0.981627 0.000000 0.190809 0.000000
	-4764.000000 529.000000 3994.000000 1.000000

	*dmm02_2	-100	-150	-50		100	150	50
	-node_tm
	0.190809 0.000000 -0.981627 0.000000
	0.000000 1.000000 0.000000 0.000000
	0.981627 0.000000 0.190809 0.000000
	-4726.000000 529.000000 3798.000000 1.000000

	*dmm02_3	-100	-150	-50		100	150	50
	-node_tm
	0.190809 0.000000 -0.981627 0.000000
	0.000000 1.000000 0.000000 0.000000
	0.981627 0.000000 0.190809 0.000000
	-4704.000000 529.000000 4209.000000 1.000000

	*dmm02_4	-100	-150	-50		100	150	50
	-node_tm
	0.190809 0.000000 -0.981627 0.000000
	0.000000 1.000000 0.000000 0.000000
	0.981627 0.000000 0.190809 0.000000
	-4666.000000 529.000000 4013.000000 1.000000

	*dmm02_5	-100	-150	-50		100	150	50
	-node_tm
	0.190809 0.000000 -0.981627 0.000000
	0.000000 1.000000 0.000000 0.000000
	0.981627 0.000000 0.190809 0.000000
	-4628.000000 529.000000 3817.000000 1.000000

	*dmm03_0	-100	-150	-100		100	150	100
	-node_tm
	0.190809 0.000000 -0.981627 0.000000
	0.000000 1.000000 0.000000 0.000000
	0.981627 0.000000 0.190809 0.000000
	-4508.000000 545.000000 4397.000000 1.000000

	*dmm03_1	-100	-150	-100		100	150	100
	-node_tm
	0.190809 0.000000 -0.981627 0.000000
	0.000000 1.000000 0.000000 0.000000
	0.981627 0.000000 0.190809 0.000000
	-4470.000000 545.000000 4201.000000 1.000000

	*dmm03_2	-100	-150	-100		100	150	100
	-node_tm
	0.190809 0.000000 -0.981627 0.000000
	0.000000 1.000000 0.000000 0.000000
	0.981627 0.000000 0.190809 0.000000
	-4777.000000 545.000000 4403.000000 1.000000

	*dmm04_0	-75	-150	-100		75	150	100
	-node_tm
	0.848048 0.000000 -0.529919 0.000000
	0.000000 1.000000 0.000000 0.000000
	0.529919 0.000000 0.848048 0.000000
	-4667.000000 459.000000 4823.000000 1.000000

	*dmm04_1	-75	-150	-100		75	150	100
	-node_tm
	0.848048 0.000000 -0.529919 0.000000
	0.000000 1.000000 0.000000 0.000000
	0.529919 0.000000 0.848048 0.000000
	-4540.000000 459.000000 4744.000000 1.000000

	*dmm04_2	-75	-150	-100		75	150	100
	-node_tm
	0.848048 0.000000 -0.529919 0.000000
	0.000000 1.000000 0.000000 0.000000
	0.529919 0.000000 0.848048 0.000000
	-4558.000000 459.000000 4995.000000 1.000000

	*dmm04_3	-75	-150	-100		75	150	100
	-node_tm
	0.848048 0.000000 -0.529919 0.000000
	0.000000 1.000000 0.000000 0.000000
	0.529919 0.000000 0.848048 0.000000
	-4434.000000 459.000000 4914.000000 1.000000

	*dmm04_4	-75	-150	-100		75	150	100
	-node_tm
	0.848048 0.000000 -0.529919 0.000000
	0.000000 1.000000 0.000000 0.000000
	0.529919 0.000000 0.848048 0.000000
	-4455.000000 459.000000 5163.000000 1.000000

	*dmm04_5	-75	-150	-100		75	150	100
	-node_tm
	0.848048 0.000000 -0.529919 0.000000
	0.000000 1.000000 0.000000 0.000000
	0.529919 0.000000 0.848048 0.000000
	-4327.000000 459.000000 5083.000000 1.000000

	*dmm04_6	-75	-150	-100		75	150	100
	-node_tm
	0.848048 0.000000 -0.529919 0.000000
	0.000000 1.000000 0.000000 0.000000
	0.529919 0.000000 0.848048 0.000000
	-4349.000000 459.000000 5332.000000 1.000000

	*dmm04_7	-75	-150	-100		75	150	100
	-node_tm
	0.848048 0.000000 -0.529919 0.000000
	0.000000 1.000000 0.000000 0.000000
	0.529919 0.000000 0.848048 0.000000
	-4221.000000 459.000000 5253.000000 1.000000

	*dmm04_8	-75	-150	-100		75	150	100
	-node_tm
	0.848048 0.000000 -0.529919 0.000000
	0.000000 1.000000 0.000000 0.000000
	0.529919 0.000000 0.848048 0.000000
	-4243.000000 459.000000 5502.000000 1.000000

	*dmm04_9	-75	-150	-100		75	150	100
	-node_tm
	0.848048 0.000000 -0.529919 0.000000
	0.000000 1.000000 0.000000 0.000000
	0.529919 0.000000 0.848048 0.000000
	-4115.000000 459.000000 5422.000000 1.000000

	*dmm05_0	-100	-150	-100		100	150	100
	-node_tm
	0.857167 0.000000 -0.515038 0.000000
	0.000000 1.000000 0.000000 0.000000
	0.515038 0.000000 0.857167 0.000000
	-4059.000000 343.000000 5847.000000 1.000000

	*dmm05_1	-100	-150	-100		100	150	100
	-node_tm
	0.857167 0.000000 -0.515038 0.000000
	0.000000 1.000000 0.000000 0.000000
	0.515038 0.000000 0.857167 0.000000
	-3888.000000 343.000000 5744.000000 1.000000

	*dmm05_2	-100	-150	-100		100	150	100
	-node_tm
	0.857167 0.000000 -0.515038 0.000000
	0.000000 1.000000 0.000000 0.000000
	0.515038 0.000000 0.857167 0.000000
	-3717.000000 343.000000 5641.000000 1.000000

	*dmm05_3	-100	-150	-100		100	150	100
	-node_tm
	0.857167 0.000000 -0.515038 0.000000
	0.000000 1.000000 0.000000 0.000000
	0.515038 0.000000 0.857167 0.000000
	-3545.000000 343.000000 5538.000000 1.000000

	*dmm05_4	-100	-150	-100		100	150	100
	-node_tm
	0.857167 0.000000 -0.515038 0.000000
	0.000000 1.000000 0.000000 0.000000
	0.515038 0.000000 0.857167 0.000000
	-3956.000000 343.000000 6019.000000 1.000000

	*dmm05_5	-100	-150	-100		100	150	100
	-node_tm
	0.857167 0.000000 -0.515038 0.000000
	0.000000 1.000000 0.000000 0.000000
	0.515038 0.000000 0.857167 0.000000
	-3785.000000 343.000000 5915.000000 1.000000

	*dmm05_6	-100	-150	-100		100	150	100
	-node_tm
	0.857167 0.000000 -0.515038 0.000000
	0.000000 1.000000 0.000000 0.000000
	0.515038 0.000000 0.857167 0.000000
	-3613.000000 343.000000 5812.000000 1.000000

	*dmm05_7	-100	-150	-100		100	150	100
	-node_tm
	0.857167 0.000000 -0.515038 0.000000
	0.000000 1.000000 0.000000 0.000000
	0.515038 0.000000 0.857167 0.000000
	-3442.000000 343.000000 5709.000000 1.000000

	*dmm05_8	-100	-150	-100		100	150	100
	-node_tm
	0.857167 0.000000 -0.515038 0.000000
	0.000000 1.000000 0.000000 0.000000
	0.515038 0.000000 0.857167 0.000000
	-3853.000000 343.000000 6190.000000 1.000000

	*dmm05_9	-100	-150	-100		100	150	100
	-node_tm
	0.857167 0.000000 -0.515038 0.000000
	0.000000 1.000000 0.000000 0.000000
	0.515038 0.000000 0.857167 0.000000
	-3682.000000 343.000000 6087.000000 1.000000

	*dmm05_10	-100	-150	-100		100	150	100
	-node_tm
	0.857167 0.000000 -0.515038 0.000000
	0.000000 1.000000 0.000000 0.000000
	0.515038 0.000000 0.857167 0.000000
	-3510.000000 343.000000 5984.000000 1.000000

	*dmm05_11	-100	-150	-100		100	150	100
	-node_tm
	0.857167 0.000000 -0.515038 0.000000
	0.000000 1.000000 0.000000 0.000000
	0.515038 0.000000 0.857167 0.000000
	-3339.000000 343.000000 5880.000000 1.000000

	*dmm05_12	-100	-150	-100		100	150	100
	-node_tm
	0.857167 0.000000 -0.515038 0.000000
	0.000000 1.000000 0.000000 0.000000
	0.515038 0.000000 0.857167 0.000000
	-3753.000000 343.000000 6364.000000 1.000000

	*dmm05_13	-100	-150	-100		100	150	100
	-node_tm
	0.857167 0.000000 -0.515038 0.000000
	0.000000 1.000000 0.000000 0.000000
	0.515038 0.000000 0.857167 0.000000
	-3580.000000 343.000000 6259.000000 1.000000

	*dmm05_14	-100	-150	-100		100	150	100
	-node_tm
	0.857167 0.000000 -0.515038 0.000000
	0.000000 1.000000 0.000000 0.000000
	0.515038 0.000000 0.857167 0.000000
	-3407.000000 343.000000 6155.000000 1.000000

	*dmm05_15	-100	-150	-100		100	150	100
	-node_tm
	0.857167 0.000000 -0.515038 0.000000
	0.000000 1.000000 0.000000 0.000000
	0.515038 0.000000 0.857167 0.000000
	-3236.000000 343.000000 6052.000000 1.000000

	*dmm05_16	-100	-150	-100		100	150	100
	-node_tm
	0.857167 0.000000 -0.515038 0.000000
	0.000000 1.000000 0.000000 0.000000
	0.515038 0.000000 0.857167 0.000000
	-3645.000000 343.000000 6533.000000 1.000000

	*dmm05_17	-100	-150	-100		100	150	100
	-node_tm
	0.857167 0.000000 -0.515038 0.000000
	0.000000 1.000000 0.000000 0.000000
	0.515038 0.000000 0.857167 0.000000
	-3475.000000 343.000000 6429.000000 1.000000

	*dmm05_18	-100	-150	-100		100	150	100
	-node_tm
	0.857167 0.000000 -0.515038 0.000000
	0.000000 1.000000 0.000000 0.000000
	0.515038 0.000000 0.857167 0.000000
	-3304.000000 343.000000 6326.000000 1.000000

	*dmm05_19	-100	-150	-100		100	150	100
	-node_tm
	0.857167 0.000000 -0.515038 0.000000
	0.000000 1.000000 0.000000 0.000000
	0.515038 0.000000 0.857167 0.000000
	-3133.000000 343.000000 6223.000000 1.000000

	*dmm06_0	-100	-150	-100		100	150	100
	-node_tm
	0.766044 0.000000 -0.642788 0.000000
	0.000000 1.000000 0.000000 0.000000
	0.642788 0.000000 0.766044 0.000000
	-2440.000000 283.000000 4969.000000 1.000000

	*dmm06_1	-100	-150	-100		100	150	100
	-node_tm
	0.766044 0.000000 -0.642788 0.000000
	0.000000 1.000000 0.000000 0.000000
	0.642788 0.000000 0.766044 0.000000
	-2287.000000 283.000000 4840.000000 1.000000

	*dmm06_2	-100	-150	-100		100	150	100
	-node_tm
	0.766044 0.000000 -0.642788 0.000000
	0.000000 1.000000 0.000000 0.000000
	0.642788 0.000000 0.766044 0.000000
	-2312.000000 283.000000 5122.000000 1.000000

	*dmm06_3	-100	-150	-100		100	150	100
	-node_tm
	0.766044 0.000000 -0.642788 0.000000
	0.000000 1.000000 0.000000 0.000000
	0.642788 0.000000 0.766044 0.000000
	-2159.000000 283.000000 4994.000000 1.000000

	*dmm06_4	-100	-150	-100		100	150	100
	-node_tm
	0.766044 0.000000 -0.642788 0.000000
	0.000000 1.000000 0.000000 0.000000
	0.642788 0.000000 0.766044 0.000000
	-2184.000000 283.000000 5276.000000 1.000000

	*dmm06_5	-100	-150	-100		100	150	100
	-node_tm
	0.766044 0.000000 -0.642788 0.000000
	0.000000 1.000000 0.000000 0.000000
	0.642788 0.000000 0.766044 0.000000
	-2030.000000 283.000000 5147.000000 1.000000

	*dmm06_6	-100	-150	-100		100	150	100
	-node_tm
	0.766044 0.000000 -0.642788 0.000000
	0.000000 1.000000 0.000000 0.000000
	0.642788 0.000000 0.766044 0.000000
	-1681.000000 267.000000 5079.000000 1.000000

	*dmm06_7	-100	-150	-100		100	150	100
	-node_tm
	0.766044 0.000000 -0.642788 0.000000
	0.000000 1.000000 0.000000 0.000000
	0.642788 0.000000 0.766044 0.000000
	-1891.000000 283.000000 5293.000000 1.000000

	*dmm06_8	-100	-150	-100		100	150	100
	-node_tm
	0.766044 0.000000 -0.642788 0.000000
	0.000000 1.000000 0.000000 0.000000
	0.642788 0.000000 0.766044 0.000000
	-1927.000000 283.000000 5582.000000 1.000000

	*dmm06_9	-100	-150	-100		100	150	100
	-node_tm
	0.766044 0.000000 -0.642788 0.000000
	0.000000 1.000000 0.000000 0.000000
	0.642788 0.000000 0.766044 0.000000
	-1774.000000 283.000000 5454.000000 1.000000

	*dmm07_0	-100	-150	-100		100	150	100
	-node_tm
	0.945519 0.000000 -0.325568 0.000000
	0.000000 1.000000 0.000000 0.000000
	0.325568 0.000000 0.945519 0.000000
	-3136.000000 668.000000 3898.000000 1.000000

	*dmm07_1	-100	-150	-100		100	150	100
	-node_tm
	0.945519 0.000000 -0.325568 0.000000
	0.000000 1.000000 0.000000 0.000000
	0.325568 0.000000 0.945519 0.000000
	-2946.000000 668.000000 3833.000000 1.000000

	*dmm07_2	-100	-150	-100		100	150	100
	-node_tm
	0.945519 0.000000 -0.325568 0.000000
	0.000000 1.000000 0.000000 0.000000
	0.325568 0.000000 0.945519 0.000000
	-3071.000000 668.000000 4087.000000 1.000000

	*dmm07_3	-100	-150	-100		100	150	100
	-node_tm
	0.945519 0.000000 -0.325568 0.000000
	0.000000 1.000000 0.000000 0.000000
	0.325568 0.000000 0.945519 0.000000
	-2882.000000 668.000000 4022.000000 1.000000

	*dmm07_4	-100	-150	-100		100	150	100
	-node_tm
	0.945519 0.000000 -0.325568 0.000000
	0.000000 1.000000 0.000000 0.000000
	0.325568 0.000000 0.945519 0.000000
	-3006.000000 668.000000 4276.000000 1.000000

	*dmm07_5	-100	-150	-100		100	150	100
	-node_tm
	0.945519 0.000000 -0.325568 0.000000
	0.000000 1.000000 0.000000 0.000000
	0.325568 0.000000 0.945519 0.000000
	-2817.000000 668.000000 4212.000000 1.000000

	*dmm08_0	-100	-150	-100		100	150	100
	-node_tm
	0.629320 0.000000 -0.777146 0.000000
	0.000000 1.000000 0.000000 0.000000
	0.777146 0.000000 0.629320 0.000000
	-3445.000000 843.000000 3086.000000 1.000000

	*dmm08_1	-100	-150	-100		100	150	100
	-node_tm
	0.629320 0.000000 -0.777146 0.000000
	0.000000 1.000000 0.000000 0.000000
	0.777146 0.000000 0.629320 0.000000
	-3323.000000 843.000000 2913.000000 1.000000

	*dmm08_2	-100	-150	-100		100	150	100
	-node_tm
	0.629320 0.000000 -0.777146 0.000000
	0.000000 1.000000 0.000000 0.000000
	0.777146 0.000000 0.629320 0.000000
	-3191.000000 843.000000 2778.000000 1.000000

	*dmm08_3	-100	-150	-100		100	150	100
	-node_tm
	0.629320 0.000000 -0.777146 0.000000
	0.000000 1.000000 0.000000 0.000000
	0.777146 0.000000 0.629320 0.000000
	-3064.000000 843.000000 2623.000000 1.000000

	*dmm08_4	-100	-150	-100		100	150	100
	-node_tm
	0.629320 0.000000 -0.777146 0.000000
	0.000000 1.000000 0.000000 0.000000
	0.777146 0.000000 0.629320 0.000000
	-3291.000000 843.000000 3214.000000 1.000000

	*dmm08_5	-100	-150	-100		100	150	100
	-node_tm
	0.629320 0.000000 -0.777146 0.000000
	0.000000 1.000000 0.000000 0.000000
	0.777146 0.000000 0.629320 0.000000
	-3163.000000 843.000000 3059.000000 1.000000

	*dmm08_6	-100	-150	-100		100	150	100
	-node_tm
	0.629320 0.000000 -0.777146 0.000000
	0.000000 1.000000 0.000000 0.000000
	0.777146 0.000000 0.629320 0.000000
	-3036.000000 843.000000 2905.000000 1.000000

	*dmm08_7	-100	-150	-100		100	150	100
	-node_tm
	0.629320 0.000000 -0.777146 0.000000
	0.000000 1.000000 0.000000 0.000000
	0.777146 0.000000 0.629320 0.000000
	-2909.000000 843.000000 2750.000000 1.000000

	*dmm08_8	-100	-150	-100		100	150	100
	-node_tm
	0.629320 0.000000 -0.777146 0.000000
	0.000000 1.000000 0.000000 0.000000
	0.777146 0.000000 0.629320 0.000000
	-3136.000000 843.000000 3341.000000 1.000000

	*dmm08_9	-100	-150	-100		100	150	100
	-node_tm
	0.629320 0.000000 -0.777146 0.000000
	0.000000 1.000000 0.000000 0.000000
	0.777146 0.000000 0.629320 0.000000
	-3009.000000 843.000000 3186.000000 1.000000

	*dmm08_10	-100	-150	-100		100	150	100
	-node_tm
	0.629320 0.000000 -0.777146 0.000000
	0.000000 1.000000 0.000000 0.000000
	0.777146 0.000000 0.629320 0.000000
	-2882.000000 843.000000 3032.000000 1.000000

	*dmm08_11	-100	-150	-100		100	150	100
	-node_tm
	0.629320 0.000000 -0.777146 0.000000
	0.000000 1.000000 0.000000 0.000000
	0.777146 0.000000 0.629320 0.000000
	-2755.000000 843.000000 2878.000000 1.000000

	*dmm08_12	-100	-150	-100		100	150	100
	-node_tm
	0.629320 0.000000 -0.777146 0.000000
	0.000000 1.000000 0.000000 0.000000
	0.777146 0.000000 0.629320 0.000000
	-2982.000000 843.000000 3468.000000 1.000000

	*dmm08_13	-100	-150	-100		100	150	100
	-node_tm
	0.629320 0.000000 -0.777146 0.000000
	0.000000 1.000000 0.000000 0.000000
	0.777146 0.000000 0.629320 0.000000
	-2855.000000 843.000000 3313.000000 1.000000

	*dmm08_14	-100	-150	-100		100	150	100
	-node_tm
	0.629320 0.000000 -0.777146 0.000000
	0.000000 1.000000 0.000000 0.000000
	0.777146 0.000000 0.629320 0.000000
	-2727.000000 843.000000 3159.000000 1.000000

	*dmm08_15	-100	-150	-100		100	150	100
	-node_tm
	0.629320 0.000000 -0.777146 0.000000
	0.000000 1.000000 0.000000 0.000000
	0.777146 0.000000 0.629320 0.000000
	-2600.000000 843.000000 3005.000000 1.000000

	*dmm08_16	-100	-150	-100		100	150	100
	-node_tm
	0.629320 0.000000 -0.777146 0.000000
	0.000000 1.000000 0.000000 0.000000
	0.777146 0.000000 0.629320 0.000000
	-2827.000000 843.000000 3595.000000 1.000000

	*dmm08_17	-100	-150	-100		100	150	100
	-node_tm
	0.629320 0.000000 -0.777146 0.000000
	0.000000 1.000000 0.000000 0.000000
	0.777146 0.000000 0.629320 0.000000
	-2700.000000 843.000000 3441.000000 1.000000

	*dmm08_18	-100	-150	-100		100	150	100
	-node_tm
	0.629320 0.000000 -0.777146 0.000000
	0.000000 1.000000 0.000000 0.000000
	0.777146 0.000000 0.629320 0.000000
	-2573.000000 843.000000 3286.000000 1.000000

	*dmm08_19	-100	-150	-100		100	150	100
	-node_tm
	0.629320 0.000000 -0.777146 0.000000
	0.000000 1.000000 0.000000 0.000000
	0.777146 0.000000 0.629320 0.000000
	-2446.000000 843.000000 3132.000000 1.000000

	*dmm09_0	-100	-150	-100		100	150	100
	-node_tm
	-0.719340 0.000000 -0.694658 0.000000
	0.000000 1.000000 0.000000 0.000000
	0.694658 0.000000 -0.719340 0.000000
	-3569.000000 801.000000 2684.000000 1.000000

	*dmm09_1	-100	-150	-100		100	150	100
	-node_tm
	-0.719340 0.000000 -0.694658 0.000000
	0.000000 1.000000 0.000000 0.000000
	0.694658 0.000000 -0.719340 0.000000
	-3714.000000 801.000000 2546.000000 1.000000

	*dmm09_2	-100	-150	-100		100	150	100
	-node_tm
	-0.719340 0.000000 -0.694658 0.000000
	0.000000 1.000000 0.000000 0.000000
	0.694658 0.000000 -0.719340 0.000000
	-3859.000000 801.000000 2408.000000 1.000000

	*dmm09_3	-100	-150	-100		100	150	100
	-node_tm
	-0.719340 0.000000 -0.694658 0.000000
	0.000000 1.000000 0.000000 0.000000
	0.694658 0.000000 -0.719340 0.000000
	-4003.000000 801.000000 2270.000000 1.000000

	*dmm09_4	-100	-150	-100		100	150	100
	-node_tm
	-0.719340 0.000000 -0.694658 0.000000
	0.000000 1.000000 0.000000 0.000000
	0.694658 0.000000 -0.719340 0.000000
	-3431.000000 801.000000 2540.000000 1.000000

	*dmm09_5	-100	-150	-100		100	150	100
	-node_tm
	-0.719340 0.000000 -0.694658 0.000000
	0.000000 1.000000 0.000000 0.000000
	0.694658 0.000000 -0.719340 0.000000
	-3576.000000 801.000000 2401.000000 1.000000

	*dmm09_6	-100	-150	-100		100	150	100
	-node_tm
	-0.719340 0.000000 -0.694658 0.000000
	0.000000 1.000000 0.000000 0.000000
	0.694658 0.000000 -0.719340 0.000000
	-3720.000000 801.000000 2263.000000 1.000000

	*dmm09_7	-100	-150	-100		100	150	100
	-node_tm
	-0.719340 0.000000 -0.694658 0.000000
	0.000000 1.000000 0.000000 0.000000
	0.694658 0.000000 -0.719340 0.000000
	-3865.000000 801.000000 2125.000000 1.000000

	*dmm10_0	-100	-150	-100		100	150	100
	-node_tm
	-0.961262 0.000000 -0.275637 0.000000
	0.000000 1.000000 0.000000 0.000000
	0.275637 0.000000 -0.961262 0.000000
	-4362.000000 473.000000 1803.000000 1.000000

	*dmm10_1	-100	-150	-100		100	150	100
	-node_tm
	-0.961262 0.000000 -0.275637 0.000000
	0.000000 1.000000 0.000000 0.000000
	0.275637 0.000000 -0.961262 0.000000
	-4554.000000 473.000000 1747.000000 1.000000

	*dmm10_2	-100	-150	-100		100	150	100
	-node_tm
	-0.961262 0.000000 -0.275637 0.000000
	0.000000 1.000000 0.000000 0.000000
	0.275637 0.000000 -0.961262 0.000000
	-4746.000000 473.000000 1691.000000 1.000000

	*dmm10_3	-100	-150	-100		100	150	100
	-node_tm
	-0.961262 0.000000 -0.275637 0.000000
	0.000000 1.000000 0.000000 0.000000
	0.275637 0.000000 -0.961262 0.000000
	-4938.000000 473.000000 1635.000000 1.000000

	*dmm10_4	-100	-150	-100		100	150	100
	-node_tm
	-0.961262 0.000000 -0.275637 0.000000
	0.000000 1.000000 0.000000 0.000000
	0.275637 0.000000 -0.961262 0.000000
	-4306.000000 473.000000 1611.000000 1.000000

	*dmm10_5	-100	-150	-100		100	150	100
	-node_tm
	-0.961262 0.000000 -0.275637 0.000000
	0.000000 1.000000 0.000000 0.000000
	0.275637 0.000000 -0.961262 0.000000
	-4499.000000 473.000000 1555.000000 1.000000

	*dmm10_6	-100	-150	-100		100	150	100
	-node_tm
	-0.961262 0.000000 -0.275637 0.000000
	0.000000 1.000000 0.000000 0.000000
	0.275637 0.000000 -0.961262 0.000000
	-4691.000000 473.000000 1499.000000 1.000000

	*dmm10_7	-100	-150	-100		100	150	100
	-node_tm
	-0.961262 0.000000 -0.275637 0.000000
	0.000000 1.000000 0.000000 0.000000
	0.275637 0.000000 -0.961262 0.000000
	-4883.000000 473.000000 1443.000000 1.000000

	*dmm10_8	-100	-150	-100		100	150	100
	-node_tm
	-0.961262 0.000000 -0.275637 0.000000
	0.000000 1.000000 0.000000 0.000000
	0.275637 0.000000 -0.961262 0.000000
	-4251.000000 473.000000 1419.000000 1.000000

	*dmm10_9	-100	-150	-100		100	150	100
	-node_tm
	-0.961262 0.000000 -0.275637 0.000000
	0.000000 1.000000 0.000000 0.000000
	0.275637 0.000000 -0.961262 0.000000
	-4443.000000 473.000000 1363.000000 1.000000

	*dmm10_10	-100	-150	-100		100	150	100
	-node_tm
	-0.961262 0.000000 -0.275637 0.000000
	0.000000 1.000000 0.000000 0.000000
	0.275637 0.000000 -0.961262 0.000000
	-4635.000000 473.000000 1307.000000 1.000000

	*dmm10_11	-100	-150	-100		100	150	100
	-node_tm
	-0.961262 0.000000 -0.275637 0.000000
	0.000000 1.000000 0.000000 0.000000
	0.275637 0.000000 -0.961262 0.000000
	-4827.000000 473.000000 1251.000000 1.000000

	*dmm11_0	-100	-150	-100		100	150	100
	-node_tm
	-0.992546 0.000000 -0.121869 0.000000
	0.000000 1.000000 0.000000 0.000000
	0.121869 0.000000 -0.992546 0.000000
	-5296.000000 390.000000 1745.000000 1.000000

	*dmm11_1	-100	-150	-100		100	150	100
	-node_tm
	-0.992546 0.000000 -0.121869 0.000000
	0.000000 1.000000 0.000000 0.000000
	0.121869 0.000000 -0.992546 0.000000
	-5494.000000 390.000000 1769.000000 1.000000

	*dmm11_2	-100	-150	-100		100	150	100
	-node_tm
	-0.992546 0.000000 -0.121869 0.000000
	0.000000 1.000000 0.000000 0.000000
	0.121869 0.000000 -0.992546 0.000000
	-5693.000000 390.000000 1792.000000 1.000000

	*dmm11_3	-100	-150	-100		100	150	100
	-node_tm
	-0.992546 0.000000 -0.121869 0.000000
	0.000000 1.000000 0.000000 0.000000
	0.121869 0.000000 -0.992546 0.000000
	-5891.000000 390.000000 1815.000000 1.000000

	*dmm11_4	-100	-150	-100		100	150	100
	-node_tm
	-0.992546 0.000000 -0.121869 0.000000
	0.000000 1.000000 0.000000 0.000000
	0.121869 0.000000 -0.992546 0.000000
	-5319.000000 390.000000 1547.000000 1.000000

	*dmm11_5	-100	-150	-100		100	150	100
	-node_tm
	-0.992546 0.000000 -0.121869 0.000000
	0.000000 1.000000 0.000000 0.000000
	0.121869 0.000000 -0.992546 0.000000
	-5518.000000 390.000000 1570.000000 1.000000

	*dmm11_6	-100	-150	-100		100	150	100
	-node_tm
	-0.992546 0.000000 -0.121869 0.000000
	0.000000 1.000000 0.000000 0.000000
	0.121869 0.000000 -0.992546 0.000000
	-5716.000000 390.000000 1593.000000 1.000000

	*dmm11_7	-100	-150	-100		100	150	100
	-node_tm
	-0.992546 0.000000 -0.121869 0.000000
	0.000000 1.000000 0.000000 0.000000
	0.121869 0.000000 -0.992546 0.000000
	-5915.000000 390.000000 1617.000000 1.000000

	*dmm12_0	-100	-150	-100		100	150	100
	-node_tm
	-0.601815 0.000000 -0.798635 0.000000
	0.000000 1.000000 0.000000 0.000000
	0.798635 0.000000 -0.601815 0.000000
	-5809.000000 181.000000 945.000000 1.000000

	*dmm12_1	-100	-150	-100		100	150	100
	-node_tm
	-0.601815 0.000000 -0.798635 0.000000
	0.000000 1.000000 0.000000 0.000000
	0.798635 0.000000 -0.601815 0.000000
	-5931.000000 181.000000 786.000000 1.000000

	*dmm12_2	-100	-150	-100		100	150	100
	-node_tm
	-0.601815 0.000000 -0.798635 0.000000
	0.000000 1.000000 0.000000 0.000000
	0.798635 0.000000 -0.601815 0.000000
	-6052.000000 181.000000 627.000000 1.000000

	*dmm12_3	-100	-150	-100		100	150	100
	-node_tm
	-0.601815 0.000000 -0.798635 0.000000
	0.000000 1.000000 0.000000 0.000000
	0.798635 0.000000 -0.601815 0.000000
	-6174.000000 181.000000 468.000000 1.000000

	*dmm12_4	-100	-150	-100		100	150	100
	-node_tm
	-0.601815 0.000000 -0.798635 0.000000
	0.000000 1.000000 0.000000 0.000000
	0.798635 0.000000 -0.601815 0.000000
	-5650.000000 181.000000 823.000000 1.000000

	*dmm12_5	-100	-150	-100		100	150	100
	-node_tm
	-0.601815 0.000000 -0.798635 0.000000
	0.000000 1.000000 0.000000 0.000000
	0.798635 0.000000 -0.601815 0.000000
	-5772.000000 181.000000 664.000000 1.000000

	*dmm12_6	-100	-150	-100		100	150	100
	-node_tm
	-0.601815 0.000000 -0.798635 0.000000
	0.000000 1.000000 0.000000 0.000000
	0.798635 0.000000 -0.601815 0.000000
	-5893.000000 181.000000 505.000000 1.000000

	*dmm12_7	-100	-150	-100		100	150	100
	-node_tm
	-0.601815 0.000000 -0.798635 0.000000
	0.000000 1.000000 0.000000 0.000000
	0.798635 0.000000 -0.601815 0.000000
	-6015.000000 181.000000 347.000000 1.000000

	*dmm13_0	-100	-150	-100		100	150	100
	-node_tm
	-0.848048 0.000000 -0.529919 0.000000
	0.000000 1.000000 0.000000 0.000000
	0.529919 0.000000 -0.848048 0.000000
	-1515.000000 1171.000000 2015.000000 1.000000

	*dmm13_1	-100	-150	-100		100	150	100
	-node_tm
	-0.848048 0.000000 -0.529919 0.000000
	0.000000 1.000000 0.000000 0.000000
	0.529919 0.000000 -0.848048 0.000000
	-1685.000000 1171.000000 2120.000000 1.000000

	*dmm13_2	-100	-150	-100		100	150	100
	-node_tm
	-0.848048 0.000000 -0.529919 0.000000
	0.000000 1.000000 0.000000 0.000000
	0.529919 0.000000 -0.848048 0.000000
	-1855.000000 1171.000000 2226.000000 1.000000

	*dmm13_3	-100	-150	-100		100	150	100
	-node_tm
	-0.848048 0.000000 -0.529919 0.000000
	0.000000 1.000000 0.000000 0.000000
	0.529919 0.000000 -0.848048 0.000000
	-2024.000000 1171.000000 2332.000000 1.000000

	*dmm13_4	-100	-150	-100		100	150	100
	-node_tm
	-0.848048 0.000000 -0.529919 0.000000
	0.000000 1.000000 0.000000 0.000000
	0.529919 0.000000 -0.848048 0.000000
	-2195.000000 1171.000000 2438.000000 1.000000

	*dmm14_0	-100	-150	-100		100	150	100
	-node_tm
	-0.788011 0.000000 -0.615662 0.000000
	0.000000 1.000000 0.000000 0.000000
	0.615662 0.000000 -0.788011 0.000000
	-512.000000 1514.000000 1294.000000 1.000000

	*dmm14_1	-100	-150	-100		100	150	100
	-node_tm
	-0.788011 0.000000 -0.615662 0.000000
	0.000000 1.000000 0.000000 0.000000
	0.615662 0.000000 -0.788011 0.000000
	-671.000000 1514.000000 1416.000000 1.000000

	*dmm14_2	-100	-150	-100		100	150	100
	-node_tm
	-0.788011 0.000000 -0.615662 0.000000
	0.000000 1.000000 0.000000 0.000000
	0.615662 0.000000 -0.788011 0.000000
	-829.000000 1514.000000 1538.000000 1.000000

	*dmm14_3	-100	-150	-100		100	150	100
	-node_tm
	-0.788011 0.000000 -0.615662 0.000000
	0.000000 1.000000 0.000000 0.000000
	0.615662 0.000000 -0.788011 0.000000
	-634.000000 1514.000000 1136.000000 1.000000

	*dmm14_4	-100	-150	-100		100	150	100
	-node_tm
	-0.788011 0.000000 -0.615662 0.000000
	0.000000 1.000000 0.000000 0.000000
	0.615662 0.000000 -0.788011 0.000000
	-793.000000 1514.000000 1258.000000 1.000000

	*dmm14_5	-100	-150	-100		100	150	100
	-node_tm
	-0.788011 0.000000 -0.615662 0.000000
	0.000000 1.000000 0.000000 0.000000
	0.615662 0.000000 -0.788011 0.000000
	-951.000000 1514.000000 1380.000000 1.000000

	*dmm15_0	-100	-150	-100		100	150	100
	-node_tm
	-0.788011 0.000000 -0.615662 0.000000
	0.000000 1.000000 0.000000 0.000000
	0.615662 0.000000 -0.788011 0.000000
	1206.000000 1691.000000 1210.000000 1.000000

	*dmm15_1	-100	-150	-100		100	150	100
	-node_tm
	-0.788011 0.000000 -0.615662 0.000000
	0.000000 1.000000 0.000000 0.000000
	0.615662 0.000000 -0.788011 0.000000
	1039.000000 1691.000000 1393.000000 1.000000

	*dmm15_2	-100	-150	-100		100	150	100
	-node_tm
	-0.788011 0.000000 -0.615662 0.000000
	0.000000 1.000000 0.000000 0.000000
	0.615662 0.000000 -0.788011 0.000000
	845.000000 1691.000000 1548.000000 1.000000

	*dmm15_3	-100	-150	-100		100	150	100
	-node_tm
	-0.788011 0.000000 -0.615662 0.000000
	0.000000 1.000000 0.000000 0.000000
	0.615662 0.000000 -0.788011 0.000000
	1002.000000 1691.000000 1089.000000 1.000000

	*dmm15_4	-100	-150	-100		100	150	100
	-node_tm
	-0.788011 0.000000 -0.615662 0.000000
	0.000000 1.000000 0.000000 0.000000
	0.615662 0.000000 -0.788011 0.000000
	776.000000 1691.000000 1272.000000 1.000000

	*dmm15_5	-100	-150	-100		100	150	100
	-node_tm
	-0.788011 0.000000 -0.615662 0.000000
	0.000000 1.000000 0.000000 0.000000
	0.615662 0.000000 -0.788011 0.000000
	586.000000 1691.000000 1446.000000 1.000000

	*dmm16_1	-100	-150	-100		100	150	100
	-node_tm
	0.052336 0.000000 -0.998630 0.000000
	0.000000 1.000000 0.000000 0.000000
	0.998630 0.000000 0.052336 0.000000
	1597.000000 1728.000000 102.000000 1.000000

	*dmm16_2	-100	-150	-100		100	150	100
	-node_tm
	0.052336 0.000000 -0.998630 0.000000
	0.000000 1.000000 0.000000 0.000000
	0.998630 0.000000 0.052336 0.000000
	1735.000000 1728.000000 499.000000 1.000000

	*dmm16_4	-100	-150	-100		100	150	100
	-node_tm
	0.052336 0.000000 -0.998630 0.000000
	0.000000 1.000000 0.000000 0.000000
	0.998630 0.000000 0.052336 0.000000
	1442.000000 1728.000000 698.000000 1.000000

	*dmm16_5	-100	-150	-100		100	150	100
	-node_tm
	0.052336 0.000000 -0.998630 0.000000
	0.000000 1.000000 0.000000 0.000000
	0.998630 0.000000 0.052336 0.000000
	1686.000000 1728.000000 760.000000 1.000000

	*dmm17_0	-100	-150	-100		100	150	100
	-node_tm
	0.052336 0.000000 -0.998630 0.000000
	0.000000 1.000000 0.000000 0.000000
	0.998630 0.000000 0.052336 0.000000
	4430.000000 469.000000 3077.000000 1.000000

	*dmm17_2	-100	-150	-100		100	150	100
	-node_tm
	0.052336 0.000000 -0.998630 0.000000
	0.000000 1.000000 0.000000 0.000000
	0.998630 0.000000 0.052336 0.000000
	4104.000000 469.000000 3219.000000 1.000000

	*dmm17_4	-100	-150	-100		100	150	100
	-node_tm
	0.052336 0.000000 -0.998630 0.000000
	0.000000 1.000000 0.000000 0.000000
	0.998630 0.000000 0.052336 0.000000
	3899.000000 469.000000 3129.000000 1.000000

	*dmm17_5	-100	-150	-100		100	150	100
	-node_tm
	0.052336 0.000000 -0.998630 0.000000
	0.000000 1.000000 0.000000 0.000000
	0.998630 0.000000 0.052336 0.000000
	3778.000000 469.000000 3345.000000 1.000000

	*dmm17_7	-100	-150	-100		100	150	100
	-node_tm
	0.052336 0.000000 -0.998630 0.000000
	0.000000 1.000000 0.000000 0.000000
	0.998630 0.000000 0.052336 0.000000
	3699.000000 469.000000 3139.000000 1.000000

	*dmm17_8	-100	-150	-100		100	150	100
	-node_tm
	0.052336 0.000000 -0.998630 0.000000
	0.000000 1.000000 0.000000 0.000000
	0.998630 0.000000 0.052336 0.000000
	3726.000000 469.000000 3611.000000 1.000000

	*dmm17_11	-100	-150	-100		100	150	100
	-node_tm
	0.052336 0.000000 -0.998630 0.000000
	0.000000 1.000000 0.000000 0.000000
	0.998630 0.000000 0.052336 0.000000
	3501.000000 469.000000 3662.000000 1.000000

	*dmm17_14	-100	-150	-100		100	150	100
	-node_tm
	0.052336 0.000000 -0.998630 0.000000
	0.000000 1.000000 0.000000 0.000000
	0.998630 0.000000 0.052336 0.000000
	3131.000000 469.000000 3076.000000 1.000000

	*dmm18_0	-100	-150	-100		100	150	100
	-node_tm
	0.052336 0.000000 -0.998630 0.000000
	0.000000 1.000000 0.000000 0.000000
	0.998630 0.000000 0.052336 0.000000
	2410.000000 459.000000 3799.000000 1.000000

	*dmm18_1	-100	-150	-100		100	150	100
	-node_tm
	0.052336 0.000000 -0.998630 0.000000
	0.000000 1.000000 0.000000 0.000000
	0.998630 0.000000 0.052336 0.000000
	2420.000000 459.000000 3999.000000 1.000000

	*dmm18_2	-100	-150	-100		100	150	100
	-node_tm
	0.052336 0.000000 -0.998630 0.000000
	0.000000 1.000000 0.000000 0.000000
	0.998630 0.000000 0.052336 0.000000
	2431.000000 459.000000 4199.000000 1.000000

	*dmm18_3	-100	-150	-100		100	150	100
	-node_tm
	0.052336 0.000000 -0.998630 0.000000
	0.000000 1.000000 0.000000 0.000000
	0.998630 0.000000 0.052336 0.000000
	2210.000000 459.000000 3810.000000 1.000000

	*dmm18_4	-100	-150	-100		100	150	100
	-node_tm
	0.052336 0.000000 -0.998630 0.000000
	0.000000 1.000000 0.000000 0.000000
	0.998630 0.000000 0.052336 0.000000
	2221.000000 459.000000 4009.000000 1.000000

	*dmm18_5	-100	-150	-100		100	150	100
	-node_tm
	0.052336 0.000000 -0.998630 0.000000
	0.000000 1.000000 0.000000 0.000000
	0.998630 0.000000 0.052336 0.000000
	2231.000000 459.000000 4209.000000 1.000000

	*dmm18_6	-100	-150	-100		100	150	100
	-node_tm
	0.052336 0.000000 -0.998630 0.000000
	0.000000 1.000000 0.000000 0.000000
	0.998630 0.000000 0.052336 0.000000
	2010.000000 459.000000 3820.000000 1.000000

	*dmm18_7	-100	-150	-100		100	150	100
	-node_tm
	0.052336 0.000000 -0.998630 0.000000
	0.000000 1.000000 0.000000 0.000000
	0.998630 0.000000 0.052336 0.000000
	2021.000000 459.000000 4020.000000 1.000000

	*dmm18_8	-100	-150	-100		100	150	100
	-node_tm
	0.052336 0.000000 -0.998630 0.000000
	0.000000 1.000000 0.000000 0.000000
	0.998630 0.000000 0.052336 0.000000
	2031.000000 459.000000 4220.000000 1.000000

	*dmm19_0	-100	-150	-100		100	150	100
	-node_tm
	0.052336 0.000000 -0.998630 0.000000
	0.000000 1.000000 0.000000 0.000000
	0.998630 0.000000 0.052336 0.000000
	118.000000 866.000000 3373.000000 1.000000

	*dmm19_1	-100	-150	-100		100	150	100
	-node_tm
	0.052336 0.000000 -0.998630 0.000000
	0.000000 1.000000 0.000000 0.000000
	0.998630 0.000000 0.052336 0.000000
	128.000000 866.000000 3573.000000 1.000000

	*dmm19_2	-100	-150	-100		100	150	100
	-node_tm
	0.052336 0.000000 -0.998630 0.000000
	0.000000 1.000000 0.000000 0.000000
	0.998630 0.000000 0.052336 0.000000
	139.000000 866.000000 3773.000000 1.000000

	*dmm19_3	-100	-150	-100		100	150	100
	-node_tm
	0.052336 0.000000 -0.998630 0.000000
	0.000000 1.000000 0.000000 0.000000
	0.998630 0.000000 0.052336 0.000000
	149.000000 866.000000 3973.000000 1.000000

	*dmm19_4	-100	-150	-100		100	150	100
	-node_tm
	0.052336 0.000000 -0.998630 0.000000
	0.000000 1.000000 0.000000 0.000000
	0.998630 0.000000 0.052336 0.000000
	-81.000000 866.000000 3384.000000 1.000000

	*dmm19_5	-100	-150	-100		100	150	100
	-node_tm
	0.052336 0.000000 -0.998630 0.000000
	0.000000 1.000000 0.000000 0.000000
	0.998630 0.000000 0.052336 0.000000
	-70.000000 866.000000 3583.000000 1.000000

	*dmm19_6	-100	-150	-100		100	150	100
	-node_tm
	0.052336 0.000000 -0.998630 0.000000
	0.000000 1.000000 0.000000 0.000000
	0.998630 0.000000 0.052336 0.000000
	-60.000000 866.000000 3783.000000 1.000000

	*dmm19_7	-100	-150	-100		100	150	100
	-node_tm
	0.052336 0.000000 -0.998630 0.000000
	0.000000 1.000000 0.000000 0.000000
	0.998630 0.000000 0.052336 0.000000
	-50.000000 866.000000 3983.000000 1.000000

	*dmm19_8	-100	-150	-100		100	150	100
	-node_tm
	0.052336 0.000000 -0.998630 0.000000
	0.000000 1.000000 0.000000 0.000000
	0.998630 0.000000 0.052336 0.000000
	-281.000000 866.000000 3394.000000 1.000000

	*dmm19_9	-100	-150	-100		100	150	100
	-node_tm
	0.052336 0.000000 -0.998630 0.000000
	0.000000 1.000000 0.000000 0.000000
	0.998630 0.000000 0.052336 0.000000
	-270.000000 866.000000 3594.000000 1.000000

	*dmm19_10	-100	-150	-100		100	150	100
	-node_tm
	0.052336 0.000000 -0.998630 0.000000
	0.000000 1.000000 0.000000 0.000000
	0.998630 0.000000 0.052336 0.000000
	-260.000000 866.000000 3793.000000 1.000000

	*dmm19_11	-100	-150	-100		100	150	100
	-node_tm
	0.052336 0.000000 -0.998630 0.000000
	0.000000 1.000000 0.000000 0.000000
	0.998630 0.000000 0.052336 0.000000
	-250.000000 866.000000 3993.000000 1.000000

	*dmm19_12	-100	-150	-100		100	150	100
	-node_tm
	0.052336 0.000000 -0.998630 0.000000
	0.000000 1.000000 0.000000 0.000000
	0.998630 0.000000 0.052336 0.000000
	-480.000000 866.000000 3404.000000 1.000000

	*dmm19_13	-100	-150	-100		100	150	100
	-node_tm
	0.052336 0.000000 -0.998630 0.000000
	0.000000 1.000000 0.000000 0.000000
	0.998630 0.000000 0.052336 0.000000
	-470.000000 866.000000 3604.000000 1.000000

	*dmm19_14	-100	-150	-100		100	150	100
	-node_tm
	0.052336 0.000000 -0.998630 0.000000
	0.000000 1.000000 0.000000 0.000000
	0.998630 0.000000 0.052336 0.000000
	-460.000000 866.000000 3804.000000 1.000000

	*dmm19_15	-100	-150	-100		100	150	100
	-node_tm
	0.052336 0.000000 -0.998630 0.000000
	0.000000 1.000000 0.000000 0.000000
	0.998630 0.000000 0.052336 0.000000
	-449.000000 866.000000 4004.000000 1.000000

	*dmm20_0	-87	-150	-87		87	150	87
	-node_tm
	0.052336 0.000000 -0.998630 0.000000
