script_begin


[HelperObjectBegin]

	*dpgoto_exile_land	-180	-60	-80		180	60	80
	-node_tm
	-0.906308 0.000000 -0.422618 0.000000
	0.000000 1.000000 0.000000 0.000000
	0.422618 0.000000 -0.906308 0.000000
	8833.000000 58.000000 -2361.000000 1.000000

	*dpfrom_exile_land	-60	-60	-60		60	60	60
	-node_tm
	-0.906308 0.000000 -0.422618 0.000000
	0.000000 1.000000 0.000000 0.000000
	0.422618 0.000000 -0.906308 0.000000
	8713.000000 32.000000 -2213.000000 1.000000

	*dpgoto_cauld	-140	-140	-300		140	140	300
	-node_tm
	-0.898794 0.000000 0.438371 0.000000
	0.000000 1.000000 0.000000 0.000000
	-0.438371 0.000000 -0.898794 0.000000
	-6513.000000 761.000000 -2167.000000 1.000000

	*dpfrom_cauld	-50	-140	-50		50	140	50
	-node_tm
	-0.809017 0.000000 0.587785 0.000000
	0.000000 1.000000 0.000000 0.000000
	-0.587785 0.000000 -0.809017 0.000000
	-6328.000000 776.000000 -1813.000000 1.000000

	*dpgoto_dungeon03	-200	-100	-200		200	100	200
	-node_tm
	1.000000 0.000000 -0.000000 0.000000
	0.000000 1.000000 0.000000 0.000000
	0.000000 0.000000 1.000000 0.000000
	4367.000000 267.000000 4645.000000 1.000000

	*dpfrom_dungeon03	-50	-50	-50		50	50	50
	-node_tm
	1.000000 0.000000 -0.000000 0.000000
	0.000000 1.000000 0.000000 0.000000
	0.000000 0.000000 1.000000 0.000000
	4287.000000 246.000000 4581.000000 1.000000

	*dmm02_0	-60	-150	-60		60	150	60
	-node_tm
	1.000000 0.000000 -0.000000 0.000000
	0.000000 1.000000 0.000000 0.000000
	0.000000 0.000000 1.000000 0.000000
	-5019.000000 1130.000000 -723.000000 1.000000

	*dmm02_1	-60	-150	-60		60	150	60
	-node_tm
	1.000000 0.000000 -0.000000 0.000000
	0.000000 1.000000 0.000000 0.000000
	0.000000 0.000000 1.000000 0.000000
	-4955.000000 1152.000000 -338.000000 1.000000

	*dmm02_2	-60	-150	-60		60	150	60
	-node_tm
	1.000000 0.000000 -0.000000 0.000000
	0.000000 1.000000 0.000000 0.000000
	0.000000 0.000000 1.000000 0.000000
	-5260.000000 1152.000000 -785.000000 1.000000

	*dmm02_3	-60	-150	-60		60	150	60
	-node_tm
	1.000000 0.000000 -0.000000 0.000000
	0.000000 1.000000 0.000000 0.000000
	0.000000 0.000000 1.000000 0.000000
	-5118.000000 1101.000000 -489.000000 1.000000

	*dmm02_4	-60	-150	-60		60	150	60
	-node_tm
	1.000000 0.000000 -0.000000 0.000000
	0.000000 1.000000 0.000000 0.000000
	0.000000 0.000000 1.000000 0.000000
	-4793.000000 1152.000000 -881.000000 1.000000

	*dmm02_5	-60	-150	-60		60	150	60
	-node_tm
	1.000000 0.000000 -0.000000 0.000000
	0.000000 1.000000 0.000000 0.000000
	0.000000 0.000000 1.000000 0.000000
	-4805.000000 1152.000000 -547.000000 1.000000

	*dmm02_6	-60	-150	-60		60	150	60
	-node_tm
	1.000000 0.000000 -0.000000 0.000000
	0.000000 1.000000 0.000000 0.000000
	0.000000 0.000000 1.000000 0.000000
	-4944.000000 1123.000000 15.000000 1.000000

	*dmm02_7	-60	-150	-60		60	150	60
	-node_tm
	1.000000 0.000000 -0.000000 0.000000
	0.000000 1.000000 0.000000 0.000000
	0.000000 0.000000 1.000000 0.000000
	-5127.000000 1152.000000 -165.000000 1.000000

	*dmm02_8	-60	-150	-60		60	150	60
	-node_tm
	1.000000 0.000000 -0.000000 0.000000
	0.000000 1.000000 0.000000 0.000000
	0.000000 0.000000 1.000000 0.000000
	-4768.000000 1139.000000 -168.000000 1.000000

	*dmm03_0	-30	-80	-30		30	80	30
	-node_tm
	1.000000 0.000000 -0.000000 0.000000
	0.000000 1.000000 0.000000 0.000000
	0.000000 0.000000 1.000000 0.000000
	-5547.000000 1121.000000 488.000000 1.000000

	*dmm03_1	-66	-80	-66		66	80	66
	-node_tm
	1.000000 0.000000 -0.000000 0.000000
	0.000000 1.000000 0.000000 0.000000
	0.000000 0.000000 1.000000 0.000000
	-5501.000000 1117.000000 84.000000 1.000000

	*dmm03_2	-30	-80	-30		30	80	30
	-node_tm
	1.000000 0.000000 -0.000000 0.000000
	0.000000 1.000000 0.000000 0.000000
	0.000000 0.000000 1.000000 0.000000
	-5479.000000 1108.000000 887.000000 1.000000

	*dmm03_3	-30	-80	-30		30	80	30
	-node_tm
	1.000000 0.000000 -0.000000 0.000000
	0.000000 1.000000 0.000000 0.000000
	0.000000 0.000000 1.000000 0.000000
	-5611.000000 1091.000000 996.000000 1.000000

	*dmm03_4	-30	-80	-30		30	80	30
	-node_tm
	1.000000 0.000000 -0.000000 0.000000
	0.000000 1.000000 0.000000 0.000000
	0.000000 0.000000 1.000000 0.000000
	-5597.000000 1109.000000 653.000000 1.000000

	*dmm03_5	-66	-80	-66		66	80	66
	-node_tm
	1.000000 0.000000 -0.000000 0.000000
	0.000000 1.000000 0.000000 0.000000
	0.000000 0.000000 1.000000 0.000000
	-5546.000000 1103.000000 -71.000000 1.000000

	*dmm03_6	-30	-80	-30		30	80	30
	-node_tm
	1.000000 0.000000 -0.000000 0.000000
	0.000000 1.000000 0.000000 0.000000
	0.000000 0.000000 1.000000 0.000000
	-5649.000000 1043.000000 1147.000000 1.000000

	*dmm03_7	-30	-80	-30		30	80	30
	-node_tm
	1.000000 0.000000 -0.000000 0.000000
	0.000000 1.000000 0.000000 0.000000
	0.000000 0.000000 1.000000 0.000000
	-5438.000000 1126.000000 1039.000000 1.000000

	*dmm03_8	-30	-80	-30		30	80	30
	-node_tm
	1.000000 0.000000 -0.000000 0.000000
	0.000000 1.000000 0.000000 0.000000
	0.000000 0.000000 1.000000 0.000000
	-5455.000000 1132.000000 1180.000000 1.000000

	*dmm04_0	-60	-80	-60		60	80	60
	-node_tm
	1.000000 0.000000 -0.000000 0.000000
	0.000000 1.000000 0.000000 0.000000
	0.000000 0.000000 1.000000 0.000000
	-4278.000000 1132.000000 947.000000 1.000000

	*dmm04_1	-60	-80	-60		60	80	60
	-node_tm
	1.000000 0.000000 -0.000000 0.000000
	0.000000 1.000000 0.000000 0.000000
	0.000000 0.000000 1.000000 0.000000
	-4063.000000 1132.000000 1196.000000 1.000000

	*dmm04_2	-60	-80	-60		60	80	60
	-node_tm
	1.000000 0.000000 -0.000000 0.000000
	0.000000 1.000000 0.000000 0.000000
	0.000000 0.000000 1.000000 0.000000
	-3861.000000 1132.000000 1450.000000 1.000000

	*dmm04_3	-60	-80	-60		60	80	60
	-node_tm
	1.000000 0.000000 -0.000000 0.000000
	0.000000 1.000000 0.000000 0.000000
	0.000000 0.000000 1.000000 0.000000
	-4130.000000 1133.000000 1013.000000 1.000000

	*dmm04_4	-60	-80	-60		60	80	60
	-node_tm
	1.000000 0.000000 -0.000000 0.000000
	0.000000 1.000000 0.000000 0.000000
	0.000000 0.000000 1.000000 0.000000
	-3825.000000 1141.000000 1625.000000 1.000000

	*dmm04_5	-60	-80	-60		60	80	60
	-node_tm
	1.000000 0.000000 -0.000000 0.000000
	0.000000 1.000000 0.000000 0.000000
	0.000000 0.000000 1.000000 0.000000
	-3666.000000 1143.000000 1722.000000 1.000000

	*dmm04_6	-60	-80	-60		60	80	60
	-node_tm
	1.000000 0.000000 -0.000000 0.000000
	0.000000 1.000000 0.000000 0.000000
	0.000000 0.000000 1.000000 0.000000
	-3740.000000 1132.000000 1388.000000 1.000000

	*dmm04_7	-60	-100	-60		60	100	60
	-node_tm
	1.000000 0.000000 -0.000000 0.000000
	0.000000 1.000000 0.000000 0.000000
	0.000000 0.000000 1.000000 0.000000
	-3902.000000 1132.000000 1272.000000 1.000000

	*dmm04_8	-60	-80	-60		60	80	60
	-node_tm
	1.000000 0.000000 -0.000000 0.000000
	0.000000 1.000000 0.000000 0.000000
	0.000000 0.000000 1.000000 0.000000
	-3540.000000 1150.000000 1829.000000 1.000000

	*dmm05_0	-25	-150	-25		25	150	25
	-node_tm
	0.754710 0.000000 -0.656059 0.000000
	0.000000 1.000000 0.000000 0.000000
	0.656059 0.000000 0.754710 0.000000
	-2167.000000 1088.000000 3405.000000 1.000000

	*dmm05_1	-25	-150	-25		25	150	25
	-node_tm
	0.754710 0.000000 -0.656059 0.000000
	0.000000 1.000000 0.000000 0.000000
	0.656059 0.000000 0.754710 0.000000
	-2137.000000 1085.000000 3545.000000 1.000000

	*dmm05_2	-25	-150	-25		25	150	25
	-node_tm
	0.754710 0.000000 -0.656059 0.000000
	0.000000 1.000000 0.000000 0.000000
	0.656059 0.000000 0.754710 0.000000
	-2085.000000 1108.000000 3302.000000 1.000000

	*dmm05_3	-25	-150	-25		25	150	25
	-node_tm
	0.754710 0.000000 -0.656059 0.000000
	0.000000 1.000000 0.000000 0.000000
	0.656059 0.000000 0.754710 0.000000
	-2058.000000 1120.000000 3507.000000 1.000000

	*dmm05_4	-25	-150	-25		25	150	25
	-node_tm
	0.754710 0.000000 -0.656059 0.000000
	0.000000 1.000000 0.000000 0.000000
	0.656059 0.000000 0.754710 0.000000
	-2069.000000 1088.000000 3416.000000 1.000000

	*dmm05_5	-25	-150	-25		25	150	25
	-node_tm
	0.754710 0.000000 -0.656059 0.000000
	0.000000 1.000000 0.000000 0.000000
	0.656059 0.000000 0.754710 0.000000
	-2122.000000 1088.000000 3351.000000 1.000000

	*dmm05_6	-25	-150	-25		25	150	25
	-node_tm
	0.754710 0.000000 -0.656059 0.000000
	0.000000 1.000000 0.000000 0.000000
	0.656059 0.000000 0.754710 0.000000
	-2149.000000 1088.000000 3302.000000 1.000000

	*dmm05_7	-25	-150	-25		25	150	25
	-node_tm
	0.754710 0.000000 -0.656059 0.000000
	0.000000 1.000000 0.000000 0.000000
	0.656059 0.000000 0.754710 0.000000
	-2134.000000 1118.000000 3467.000000 1.000000

	*dmm06_0	-25	-60	-25		25	60	25
	-node_tm
	0.939693 0.000000 -0.342020 0.000000
	0.000000 1.000000 0.000000 0.000000
	0.342020 0.000000 0.939693 0.000000
	-1597.000000 1138.000000 3500.000000 1.000000

	*dmm06_1	-25	-60	-25		25	60	25
	-node_tm
	0.939693 0.000000 -0.342020 0.000000
	0.000000 1.000000 0.000000 0.000000
	0.342020 0.000000 0.939693 0.000000
	-1455.000000 1103.000000 3874.000000 1.000000

	*dmm06_3	-25	-60	-25		25	60	25
	-node_tm
	0.939693 0.000000 -0.342020 0.000000
	0.000000 1.000000 0.000000 0.000000
	0.342020 0.000000 0.939693 0.000000
	-1492.000000 1119.000000 3494.000000 1.000000

	*dmm06_4	-25	-60	-25		25	60	25
	-node_tm
	0.939693 0.000000 -0.342020 0.000000
	0.000000 1.000000 0.000000 0.000000
	0.342020 0.000000 0.939693 0.000000
	-1533.000000 1119.000000 3612.000000 1.000000

	*dmm06_5	-25	-60	-25		25	60	25
	-node_tm
	0.939693 0.000000 -0.342020 0.000000
	0.000000 1.000000 0.000000 0.000000
	0.342020 0.000000 0.939693 0.000000
	-1489.000000 1122.000000 3781.000000 1.000000

	*dmm06_6	-25	-60	-25		25	60	25
	-node_tm
	0.939693 0.000000 -0.342020 0.000000
	0.000000 1.000000 0.000000 0.000000
	0.342020 0.000000 0.939693 0.000000
	-1407.000000 1153.000000 3747.000000 1.000000

	*dmm06_7	-25	-60	-25		25	60	25
	-node_tm
	0.939693 0.000000 -0.342020 0.000000
	0.000000 1.000000 0.000000 0.000000
	0.342020 0.000000 0.939693 0.000000
	-1349.000000 1119.000000 3845.000000 1.000000

	*dmm07_1	-25	-150	-25		25	150	25
	-node_tm
	0.754710 0.000000 -0.656059 0.000000
	0.000000 1.000000 0.000000 0.000000
	0.656059 0.000000 0.754710 0.000000
	-1734.000000 1087.000000 3847.000000 1.000000

	*dmm07_2	-25	-150	-25		25	150	25
	-node_tm
	0.754710 0.000000 -0.656059 0.000000
	0.000000 1.000000 0.000000 0.000000
	0.656059 0.000000 0.754710 0.000000
	-1905.000000 1084.000000 3730.000000 1.000000

	*dmm07_3	-25	-150	-25		25	150	25
	-node_tm
	0.754710 0.000000 -0.656059 0.000000
	0.000000 1.000000 0.000000 0.000000
	0.656059 0.000000 0.754710 0.000000
	-1943.000000 1084.000000 3598.000000 1.000000

	*dmm07_4	-25	-150	-25		25	150	25
	-node_tm
	0.754710 0.000000 -0.656059 0.000000
	0.000000 1.000000 0.000000 0.000000
	0.656059 0.000000 0.754710 0.000000
	-1827.000000 1084.000000 3755.000000 1.000000

	*dmm07_5	-25	-150	-25		25	150	25
	-node_tm
	0.754710 0.000000 -0.656059 0.000000
	0.000000 1.000000 0.000000 0.000000
	0.656059 0.000000 0.754710 0.000000
	-2003.000000 1084.000000 3677.000000 1.000000

	*dmm07_6	-25	-150	-25		25	150	25
	-node_tm
	0.754710 0.000000 -0.656059 0.000000
	0.000000 1.000000 0.000000 0.000000
	0.656059 0.000000 0.754710 0.000000
	-1653.000000 1084.000000 3934.000000 1.000000

	*dmm07_7	-25	-150	-25		25	150	25
	-node_tm
	0.754710 0.000000 -0.656059 0.000000
	0.000000 1.000000 0.000000 0.000000
	0.656059 0.000000 0.754710 0.000000
	-1864.000000 1084.000000 3632.000000 1.000000

	*dmm08_0	-25	-150	-25		25	150	25
	-node_tm
	0.754710 0.000000 -0.656059 0.000000
	0.000000 1.000000 0.000000 0.000000
	0.656059 0.000000 0.754710 0.000000
	-1090.000000 948.000000 4377.000000 1.000000

	*dmm08_1	-25	-150	-25		25	150	25
	-node_tm
	0.754710 0.000000 -0.656059 0.000000
	0.000000 1.000000 0.000000 0.000000
	0.656059 0.000000 0.754710 0.000000
	-1039.000000 1020.000000 4384.000000 1.000000

	*dmm08_2	-25	-150	-25		25	150	25
	-node_tm
	0.754710 0.000000 -0.656059 0.000000
	0.000000 1.000000 0.000000 0.000000
	0.656059 0.000000 0.754710 0.000000
	-1086.000000 913.000000 4465.000000 1.000000

	*dmm08_3	-25	-150	-25		25	150	25
	-node_tm
	0.754710 0.000000 -0.656059 0.000000
	0.000000 1.000000 0.000000 0.000000
	0.656059 0.000000 0.754710 0.000000
	-1056.000000 995.000000 4502.000000 1.000000

	*dmm09_0	-80	-150	-80		80	150	80
	-node_tm
	0.374607 0.000000 -0.927184 0.000000
	0.000000 1.000000 0.000000 0.000000
	0.927184 0.000000 0.374607 0.000000
	-880.000000 866.000000 4929.000000 1.000000

	*dmm09_1	-80	-150	-80		80	150	80
	-node_tm
	0.374607 0.000000 -0.927184 0.000000
	0.000000 1.000000 0.000000 0.000000
	0.927184 0.000000 0.374607 0.000000
	-772.000000 862.000000 4821.000000 1.000000

	*dmm09_2	-80	-150	-80		80	150	80
	-node_tm
	0.374607 0.000000 -0.927184 0.000000
	0.000000 1.000000 0.000000 0.000000
	0.927184 0.000000 0.374607 0.000000
	-712.000000 856.000000 4669.000000 1.000000

	*dmm09_3	-80	-150	-80		80	150	80
	-node_tm
	0.374607 0.000000 -0.927184 0.000000
	0.000000 1.000000 0.000000 0.000000
	0.927184 0.000000 0.374607 0.000000
	-613.000000 869.000000 4597.000000 1.000000

	*dmm09_4	-80	-150	-80		80	150	80
	-node_tm
	0.374607 0.000000 -0.927184 0.000000
	0.000000 1.000000 0.000000 0.000000
	0.927184 0.000000 0.374607 0.000000
	-659.000000 826.000000 4952.000000 1.000000

	*dmm09_5	-80	-150	-80		80	150	80
	-node_tm
	0.374607 0.000000 -0.927184 0.000000
	0.000000 1.000000 0.000000 0.000000
	0.927184 0.000000 0.374607 0.000000
	-495.000000 812.000000 4951.000000 1.000000

	*dmm09_6	-80	-150	-80		80	150	80
	-node_tm
	0.374607 0.000000 -0.927184 0.000000
	0.000000 1.000000 0.000000 0.000000
	0.927184 0.000000 0.374607 0.000000
	-679.000000 826.000000 4754.000000 1.000000

	*dmm09_7	-80	-150	-80		80	150	80
	-node_tm
	0.374607 0.000000 -0.927184 0.000000
	0.000000 1.000000 0.000000 0.000000
	0.927184 0.000000 0.374607 0.000000
	-453.000000 817.000000 4650.000000 1.000000

	*dmm10_0	-25	-60	-25		25	60	25
	-node_tm
	0.374607 0.000000 -0.927184 0.000000
	0.000000 1.000000 0.000000 0.000000
	0.927184 0.000000 0.374607 0.000000
	397.000000 301.000000 5150.000000 1.000000

	*dmm10_2	-25	-60	-25		25	60	25
	-node_tm
	0.374607 0.000000 -0.927184 0.000000
	0.000000 1.000000 0.000000 0.000000
	0.927184 0.000000 0.374607 0.000000
	443.000000 301.000000 5080.000000 1.000000

	*dmm10_3	-25	-60	-25		25	60	25
	-node_tm
	0.374607 0.000000 -0.927184 0.000000
	0.000000 1.000000 0.000000 0.000000
	0.927184 0.000000 0.374607 0.000000
	340.000000 301.000000 5064.000000 1.000000

	*dmm11_0	-25	-60	-25		25	60	25
	-node_tm
	0.374607 0.000000 -0.927184 0.000000
	0.000000 1.000000 0.000000 0.000000
	0.927184 0.000000 0.374607 0.000000
	914.000000 216.000000 5560.000000 1.000000

	*dmm11_1	-25	-60	-25		25	60	25
	-node_tm
	0.374607 0.000000 -0.927184 0.000000
	0.000000 1.000000 0.000000 0.000000
	0.927184 0.000000 0.374607 0.000000
	966.000000 216.000000 5525.000000 1.000000

	*dmm11_2	-25	-60	-25		25	60	25
	-node_tm
	0.374607 0.000000 -0.927184 0.000000
	0.000000 1.000000 0.000000 0.000000
	0.927184 0.000000 0.374607 0.000000
	935.000000 216.000000 5623.000000 1.000000

	*dmm11_3	-25	-60	-25		25	60	25
	-node_tm
	0.374607 0.000000 -0.927184 0.000000
	0.000000 1.000000 0.000000 0.000000
	0.927184 0.000000 0.374607 0.000000
	1013.000000 216.000000 5586.000000 1.000000

	*dmm15_0	-25	-150	-25		25	150	25
	-node_tm
	0.500000 0.000000 -0.866025 0.000000
	0.000000 1.000000 0.000000 0.000000
	0.866025 0.000000 0.500000 0.000000
	1819.000000 258.000000 5039.000000 1.000000

	*dmm15_1	-25	-150	-25		25	150	25
	-node_tm
	0.500000 0.000000 -0.866025 0.000000
	0.000000 1.000000 0.000000 0.000000
	0.866025 0.000000 0.500000 0.000000
	1770.000000 260.000000 4796.000000 1.000000

	*dmm15_2	-25	-150	-25		25	150	25
	-node_tm
	0.500000 0.000000 -0.866025 0.000000
	0.000000 1.000000 0.000000 0.000000
	0.866025 0.000000 0.500000 0.000000
	2217.000000 194.000000 4703.000000 1.000000

	*dmm15_3	-25	-150	-25		25	150	25
	-node_tm
	0.500000 0.000000 -0.866025 0.000000
	0.000000 1.000000 0.000000 0.000000
	0.866025 0.000000 0.500000 0.000000
	2504.000000 173.000000 4806.000000 1.000000

	*dmm15_4	-25	-150	-25		25	150	25
	-node_tm
	0.500000 0.000000 -0.866025 0.000000
	0.000000 1.000000 0.000000 0.000000
	0.866025 0.000000 0.500000 0.000000
	1585.000000 248.000000 5024.000000 1.000000

	*dmm15_5	-25	-150	-25		25	150	25
	-node_tm
	0.500000 0.000000 -0.866025 0.000000
	0.000000 1.000000 0.000000 0.000000
	0.866025 0.000000 0.500000 0.000000
	2052.000000 249.000000 4968.000000 1.000000

	*dmm15_6	-25	-150	-25		25	150	25
	-node_tm
	0.500000 0.000000 -0.866025 0.000000
	0.000000 1.000000 0.000000 0.000000
	0.866025 0.000000 0.500000 0.000000
	1863.000000 210.000000 5186.000000 1.000000

	*dmm15_7	-25	-150	-25		25	150	25
	-node_tm
	0.500000 0.000000 -0.866025 0.000000
	0.000000 1.000000 0.000000 0.000000
	0.866025 0.000000 0.500000 0.000000
	2497.000000 169.000000 4665.000000 1.000000

	*dmm15_8	-25	-150	-25		25	150	25
	-node_tm
	0.500000 0.000000 -0.866025 0.000000
	0.000000 1.000000 0.000000 0.000000
	0.866025 0.000000 0.500000 0.000000
	1950.000000 249.000000 4840.000000 1.000000

	*dmm15_9	-25	-150	-25		25	150	25
	-node_tm
	0.500000 0.000000 -0.866025 0.000000
	0.000000 1.000000 0.000000 0.000000
	0.866025 0.000000 0.500000 0.000000
	2236.000000 253.000000 4876.000000 1.000000

	*dmm15_10	-25	-150	-25		25	150	25
	-node_tm
	0.500000 0.000000 -0.866025 0.000000
	0.000000 1.000000 0.000000 0.000000
	0.866025 0.000000 0.500000 0.000000
	2061.000000 192.000000 4764.000000 1.000000

	*dmm15_11	-25	-150	-25		25	150	25
	-node_tm
	0.500000 0.000000 -0.866025 0.000000
	0.000000 1.000000 0.000000 0.000000
	0.866025 0.000000 0.500000 0.000000
	2647.000000 173.000000 4784.000000 1.000000

	*dmm17_1	-25	-150	-25		25	150	25
	-node_tm
	0.374607 0.000000 -0.927184 0.000000
	0.000000 1.000000 0.000000 0.000000
	0.927184 0.000000 0.374607 0.000000
	3011.000000 164.000000 4910.000000 1.000000

	*dmm17_3	-25	-150	-25		25	150	25
	-node_tm
	0.374607 0.000000 -0.927184 0.000000
	0.000000 1.000000 0.000000 0.000000
	0.927184 0.000000 0.374607 0.000000
	3255.000000 164.000000 5054.000000 1.000000

	*dmm17_4	-25	-150	-25		25	150	25
	-node_tm
	0.374607 0.000000 -0.927184 0.000000
	0.000000 1.000000 0.000000 0.000000
	0.927184 0.000000 0.374607 0.000000
	2928.000000 164.000000 5008.000000 1.000000

	*dmm17_5	-25	-150	-25		25	150	25
	-node_tm
	0.374607 0.000000 -0.927184 0.000000
	0.000000 1.000000 0.000000 0.000000
	0.927184 0.000000 0.374607 0.000000
	3096.000000 164.000000 4798.000000 1.000000

	*dmm17_6	-25	-150	-25		25	150	25
	-node_tm
	0.374607 0.000000 -0.927184 0.000000
	0.000000 1.000000 0.000000 0.000000
	0.927184 0.000000 0.374607 0.000000
	2867.000000 164.000000 4862.000000 1.000000

	*dmm17_7	-25	-150	-25		25	150	25
	-node_tm
	0.374607 0.000000 -0.927184 0.000000
	0.000000 1.000000 0.000000 0.000000
	0.927184 0.000000 0.374607 0.000000
	3042.000000 164.000000 5105.000000 1.000000

	*dmm17_8	-25	-150	-25		25	150	25
	-node_tm
	0.374607 0.000000 -0.927184 0.000000
	0.000000 1.000000 0.000000 0.000000
	0.927184 0.000000 0.374607 0.000000
	3140.000000 164.000000 4977.000000 1.000000

	*dmm17_9	-25	-150	-25		25	150	25
	-node_tm
	0.374607 0.000000 -0.927184 0.000000
	0.000000 1.000000 0.000000 0.000000
	0.927184 0.000000 0.374607 0.000000
	3336.000000 164.000000 4837.000000 1.000000

	*dmm17_11	-25	-150	-25		25	150	25
	-node_tm
	0.374607 0.000000 -0.927184 0.000000
	0.000000 1.000000 0.000000 0.000000
	0.927184 0.000000 0.374607 0.000000
	3166.000000 161.000000 5122.000000 1.000000

	*dmm18_0	-25	-150	-25		25	150	25
	-node_tm
	0.374607 0.000000 -0.927184 0.000000
	0.000000 1.000000 0.000000 0.000000
	0.927184 0.000000 0.374607 0.000000
	2374.000000 103.000000 6134.000000 1.000000

	*dmm18_1	-25	-150	-25		25	150	25
	-node_tm
	0.374607 0.000000 -0.927184 0.000000
	0.000000 1.000000 0.000000 0.000000
	0.927184 0.000000 0.374607 0.000000
	2630.000000 125.000000 6015.000000 1.000000

	*dmm18_3	-25	-150	-25		25	150	25
	-node_tm
	0.374607 0.000000 -0.927184 0.000000
	0.000000 1.000000 0.000000 0.000000
	0.927184 0.000000 0.374607 0.000000
	2340.000000 99.000000 5975.000000 1.000000

	*dmm18_4	-25	-150	-25		25	150	25
	-node_tm
	0.374607 0.000000 -0.927184 0.000000
	0.000000 1.000000 0.000000 0.000000
	0.927184 0.000000 0.374607 0.000000
	2534.000000 99.000000 6167.000000 1.000000

	*dmm18_5	-25	-150	-25		25	150	25
	-node_tm
	0.374607 0.000000 -0.927184 0.000000
	0.000000 1.000000 0.000000 0.000000
	0.927184 0.000000 0.374607 0.000000
	2485.000000 99.000000 5940.000000 1.000000

	*dmm18_6	-25	-150	-25		25	150	25
	-node_tm
	0.374607 0.000000 -0.927184 0.000000
	0.000000 1.000000 0.000000 0.000000
	0.927184 0.000000 0.374607 0.000000
	2775.000000 104.000000 6196.000000 1.000000

	*dmm18_7	-25	-150	-25		25	150	25
	-node_tm
	0.374607 0.000000 -0.927184 0.000000
	0.000000 1.000000 0.000000 0.000000
	0.927184 0.000000 0.374607 0.000000
	2765.000000 123.000000 5976.000000 1.000000

	*dmm18_8	-25	-150	-25		25	150	25
	-node_tm
	0.374607 0.000000 -0.927184 0.000000
	0.000000 1.000000 0.000000 0.000000
	0.927184 0.000000 0.374607 0.000000
	2700.000000 99.000000 6325.000000 1.000000

	*dmm18_9	-25	-150	-25		25	150	25
	-node_tm
	0.374607 0.000000 -0.927184 0.000000
	0.000000 1.000000 0.000000 0.000000
	0.927184 0.000000 0.374607 0.000000
	2967.000000 72.000000 6025.000000 1.000000

	*dmm18_10	-25	-150	-25		25	150	25
	-node_tm
	0.374607 0.000000 -0.927184 0.000000
	0.000000 1.000000 0.000000 0.000000
	0.927184 0.000000 0.374607 0.000000
	3097.000000 116.000000 6224.000000 1.000000

	*dmm18_11	-25	-150	-25		25	150	25
	-node_tm
	0.374607 0.000000 -0.927184 0.000000
	0.000000 1.000000 0.000000 0.000000
	0.927184 0.000000 0.374607 0.000000
	2890.000000 122.000000 6152.000000 1.000000

	*dmm16_0	-25	-150	-25		25	150	25
	-node_tm
	0.374607 0.000000 -0.927184 0.000000
	0.000000 1.000000 0.000000 0.000000
	0.927184 0.000000 0.374607 0.000000
	1872.000000 239.000000 5817.000000 1.000000

	*dmm16_1	-25	-150	-25		25	150	25
	-node_tm
	0.374607 0.000000 -0.927184 0.000000
	0.000000 1.000000 0.000000 0.000000
	0.927184 0.000000 0.374607 0.000000
	2006.000000 232.000000 5486.000000 1.000000

	*dmm16_2	-25	-150	-25		25	150	25
	-node_tm
	0.374607 0.000000 -0.927184 0.000000
	0.000000 1.000000 0.000000 0.000000
	0.927184 0.000000 0.374607 0.000000
	1740.000000 271.000000 5646.000000 1.000000

	*dmm16_3	-25	-150	-25		25	150	25
	-node_tm
	0.374607 0.000000 -0.927184 0.000000
	0.000000 1.000000 0.000000 0.000000
	0.927184 0.000000 0.374607 0.000000
	2036.000000 209.000000 5865.000000 1.000000

	*dmm16_4	-25	-150	-25		25	150	25
	-node_tm
	0.374607 0.000000 -0.927184 0.000000
	0.000000 1.000000 0.000000 0.000000
	0.927184 0.000000 0.374607 0.000000
	2057.000000 227.000000 5700.000000 1.000000

	*dmm16_5	-25	-150	-25		25	150	25
	-node_tm
	0.374607 0.000000 -0.927184 0.000000
	0.000000 1.000000 0.000000 0.000000
	0.927184 0.000000 0.374607 0.000000
	2131.000000 172.000000 5801.000000 1.000000

	*dmm16_6	-25	-150	-25		25	150	25
	-node_tm
	0.374607 0.000000 -0.927184 0.000000
	0.000000 1.000000 0.000000 0.000000
	0.927184 0.000000 0.374607 0.000000
	2150.000000 124.000000 6234.000000 1.000000

	*dmm16_7	-25	-150	-25		25	150	25
	-node_tm
	0.374607 0.000000 -0.927184 0.000000
	0.000000 1.000000 0.000000 0.000000
	0.927184 0.000000 0.374607 0.000000
	2072.000000 120.000000 6215.000000 1.000000

	*dmm19_0	-25	-150	-25		25	150	25
	-node_tm
	0.990268 0.000000 -0.139173 0.000000
	0.000000 1.000000 0.000000 0.000000
	0.139173 0.000000 0.990268 0.000000
	3976.000000 190.000000 6251.000000 1.000000

	*dmm19_1	-25	-150	-25		25	150	25
	-node_tm
	0.990268 0.000000 -0.139173 0.000000
	0.000000 1.000000 0.000000 0.000000
	0.139173 0.000000 0.990268 0.000000
	4038.000000 200.000000 6131.000000 1.000000

	*dmm19_2	-25	-150	-25		25	150	25
	-node_tm
	0.990268 0.000000 -0.139173 0.000000
	0.000000 1.000000 0.000000 0.000000
	0.139173 0.000000 0.990268 0.000000
	3875.000000 132.000000 6285.000000 1.000000

	*dmm19_4	-25	-150	-25		25	150	25
	-node_tm
	0.990268 0.000000 -0.139173 0.000000
	0.000000 1.000000 0.000000 0.000000
	0.139173 0.000000 0.990268 0.000000
	4232.000000 188.000000 6146.000000 1.000000

	*dmm19_5	-25	-150	-25		25	150	25
	-node_tm
	0.990268 0.000000 -0.139173 0.000000
	0.000000 1.000000 0.000000 0.000000
	0.139173 0.000000 0.990268 0.000000
	3726.000000 132.000000 6388.000000 1.000000

	*dmm19_7	-25	-150	-25		25	150	25
	-node_tm
	0.990268 0.000000 -0.139173 0.000000
	0.000000 1.000000 0.000000 0.000000
	0.139173 0.000000 0.990268 0.000000
	3626.000000 132.000000 6207.000000 1.000000

	*dmm19_9	-25	-150	-25		25	150	25
	-node_tm
	0.990268 0.000000 -0.139173 0.000000
	0.000000 1.000000 0.000000 0.000000
	0.139173 0.000000 0.990268 0.000000
	3582.000000 220.000000 6345.000000 1.000000

	*dmm19_11	-25	-150	-25		25	150	25
	-node_tm
	0.990268 0.000000 -0.139173 0.000000
	0.000000 1.000000 0.000000 0.000000
	0.139173 0.000000 0.990268 0.000000
	4079.000000 216.000000 6318.000000 1.000000

	*dmm20_0	-25	-150	-25		25	150	25
	-node_tm
	-0.945519 0.000000 0.325568 0.000000
	0.000000 1.000000 0.000000 0.000000
	-0.325568 0.000000 -0.945519 0.000000
	3457.000000 135.000000 4993.000000 1.000000

	*dmm20_1	-25	-150	-25		25	150	25
	-node_tm
	-0.945519 0.000000 0.325568 0.000000
	0.000000 1.000000 0.000000 0.000000
	-0.325568 0.000000 -0.945519 0.000000
	3349.000000 127.000000 4924.000000 1.000000

	*dmm20_3	-25	-150	-25		25	150	25
	-node_tm
	-0.945519 0.000000 0.325568 0.000000
	0.000000 1.000000 0.000000 0.000000
	-0.325568 0.000000 -0.945519 0.000000
	3616.000000 213.000000 4676.000000 1.000000

	*dmm20_4	-25	-150	-25		25	150	25
	-node_tm
	-0.945519 0.000000 0.325568 0.000000
	0.000000 1.000000 0.000000 0.000000
	-0.325568 0.000000 -0.945519 0.000000
	3676.000000 179.000000 4720.000000 1.000000

	*dmm20_6	-25	-150	-25		25	150	25
	-node_tm
	-0.945519 0.000000 0.325568 0.000000
	0.000000 1.000000 0.000000 0.000000
	-0.325568 0.000000 -0.945519 0.000000
	3685.000000 120.000000 4889.000000 1.000000

	*dmm20_7	-25	-150	-25		25	150	25
	-node_tm
	-0.945519 0.000000 0.325568 0.000000
	0.000000 1.000000 0.000000 0.000000
	-0.325568 0.000000 -0.945519 0.000000
	3570.000000 120.000000 4901.000000 1.000000

	*dmm20_8	-25	-150	-25		25	150	25
	-node_tm
	-0.945519 0.000000 0.325568 0.000000
	0.000000 1.000000 0.000000 0.000000
	-0.325568 0.000000 -0.945519 0.000000
	3479.000000 153.000000 4765.000000 1.000000

	*dmm21_0	-25	-150	-25		25	150	25
	-node_tm
	0.906308 0.000000 0.422618 0.000000
	0.000000 1.000000 0.000000 0.000000
	-0.422618 0.000000 0.906308 0.000000
	3811.000000 233.000000 4473.000000 1.000000

	*dmm21_1	-25	-150	-25		25	150	25
	-node_tm
	0.906308 0.000000 0.422618 0.000000
	0.000000 1.000000 0.000000 0.000000
	-0.422618 0.000000 0.906308 0.000000
	3777.000000 256.000000 4399.000000 1.000000

	*dmm21_2	-25	-150	-25		25	150	25
	-node_tm
	0.906308 0.000000 0.422618 0.000000
	0.000000 1.000000 0.000000 0.000000
	-0.422618 0.000000 0.906308 0.000000
	3886.000000 256.000000 4375.000000 1.000000

	*dmm21_3	-25	-150	-25		25	150	25
	-node_tm
	0.906308 0.000000 0.422618 0.000000
	0.000000 1.000000 0.000000 0.000000
	-0.422618 0.000000 0.906308 0.000000
	4035.000000 196.000000 5066.000000 1.000000

	*dmm21_4	-25	-150	-25		25	150	25
	-node_tm
	0.906308 0.000000 0.422618 0.000000
	0.000000 1.000000 0.000000 0.000000
	-0.422618 0.000000 0.906308 0.000000
	4112.000000 221.000000 5156.000000 1.000000

	*dmm21_5	-25	-150	-25		25	150	25
	-node_tm
	0.906308 0.000000 0.422618 0.000000
	0.000000 1.000000 0.000000 0.000000
	-0.422618 0.000000 0.906308 0.000000
	4132.000000 211.000000 5336.000000 1.000000

	*dmm21_6	-25	-150	-25		25	150	25
	-node_tm
	0.906308 0.000000 0.422618 0.000000
	0.000000 1.000000 0.000000 0.000000
	-0.422618 0.000000 0.906308 0.000000
	3960.000000 196.000000 5586.000000 1.000000

	*dmm21_7	-25	-150	-25		25	150	25
	-node_tm
	0.906308 0.000000 0.422618 0.000000
	0.000000 1.000000 0.000000 0.000000
	-0.422618 0.000000 0.906308 0.000000
	3878.000000 196.000000 5225.000000 1.000000

	*dmm21_8	-25	-150	-25		25	150	25
	-node_tm
	0.906308 0.000000 0.422618 0.000000
	0.000000 1.000000 0.000000 0.000000
	-0.422618 0.000000 0.906308 0.000000
	4094.000000 221.000000 5430.000000 1.000000

	*dmm21_9	-25	-150	-25		25	150	25
	-node_tm
	0.906308 0.000000 0.422618 0.000000
	0.000000 1.000000 0.000000 0.000000
	-0.422618 0.000000 0.906308 0.000000
	3839.000000 196.000000 5489.000000 1.000000

	*dmm21_10	-25	-150	-25		25	150	25
	-node_tm
	0.906308 0.000000 0.422618 0.000000
	0.000000 1.000000 0.000000 0.000000
	-0.422618 0.000000 0.906308 0.000000
	3816.000000 196.000000 5345.000000 1.000000

	*dmm21_11	-25	-150	-25		25	150	25
	-node_tm
	0.906308 0.000000 0.422618 0.000000
	0.000000 1.000000 0.000000 0.000000
	-0.422618 0.000000 0.906308 0.000000
	3956.000000 196.000000 5439.000000 1.000000

	*dmm22_0	-25	-150	-25		25	150	25
	-node_tm
	0.374607 0.000000 0.927184 0.000000
	0.000000 1.000000 0.000000 0.000000
	-0.927184 0.000000 0.374607 0.000000
	5034.000000 541.000000 3002.000000 1.000000

	*dmm22_1	-25	-150	-25		25	150	25
	-node_tm
	0.374607 0.000000 0.927184 0.000000
	0.000000 1.000000 0.000000 0.000000
	-0.927184 0.000000 0.374607 0.000000
	5199.000000 581.000000 2937.000000 1.000000

	*dmm22_2	-25	-150	-25		25	150	25
	-node_tm
	0.374607 0.000000 0.927184 0.000000
	0.000000 1.000000 0.000000 0.000000
	-0.927184 0.000000 0.374607 0.000000
	4695.000000 508.000000 3133.000000 1.000000

	*dmm22_3	-25	-150	-25		25	150	25
	-node_tm
	0.374607 0.000000 0.927184 0.000000
	0.000000 1.000000 0.000000 0.000000
	-0.927184 0.000000 0.374607 0.000000
	4871.000000 621.000000 3167.000000 1.000000

	*dmm22_4	-25	-150	-25		25	150	25
	-node_tm
	0.374607 0.000000 0.927184 0.000000
	0.000000 1.000000 0.000000 0.000000
	-0.927184 0.000000 0.374607 0.000000
	4803.000000 534.000000 3074.000000 1.000000

	*dmm22_5	-25	-150	-25		25	150	25
	-node_tm
	0.374607 0.000000 0.927184 0.000000
	0.000000 1.000000 0.000000 0.000000
	-0.927184 0.000000 0.374607 0.000000
	4740.000000 500.000000 3166.000000 1.000000

	*dmm22_6	-25	-150	-25		25	150	25
	-node_tm
	0.374607 0.000000 0.927184 0.000000
	0.000000 1.000000 0.000000 0.000000
	-0.927184 0.000000 0.374607 0.000000
	4666.000000 473.000000 3229.000000 1.000000

	*dmm22_7	-25	-150	-25		25	150	25
	-node_tm
	0.374607 0.000000 0.927184 0.000000
	0.000000 1.000000 0.000000 0.000000
	-0.927184 0.000000 0.374607 0.000000
	4610.000000 488.000000 3203.000000 1.000000

	*dmm23_0	-25	-150	-25		25	150	25
	-node_tm
	0.374607 0.000000 0.927184 0.000000
	0.000000 1.000000 0.000000 0.000000
	-0.927184 0.000000 0.374607 0.000000
	5994.000000 695.000000 3684.000000 1.000000

	*dmm23_1	-25	-150	-25		25	150	25
	-node_tm
	0.374607 0.000000 0.927184 0.000000
	0.000000 1.000000 0.000000 0.000000
	-0.927184 0.000000 0.374607 0.000000
	6007.000000 648.000000 3599.000000 1.000000

	*dmm23_2	-25	-150	-25		25	150	25
	-node_tm
	0.374607 0.000000 0.927184 0.000000
	0.000000 1.000000 0.000000 0.000000
	-0.927184 0.000000 0.374607 0.000000
	5988.000000 647.000000 3711.000000 1.000000

	*dmm23_3	-25	-150	-25		25	150	25
	-node_tm
	0.374607 0.000000 0.927184 0.000000
	0.000000 1.000000 0.000000 0.000000
	-0.927184 0.000000 0.374607 0.000000
	5918.000000 637.000000 3703.000000 1.000000

	*dmm23_4	-25	-150	-25		25	150	25
	-node_tm
	0.374607 0.000000 0.927184 0.000000
	0.000000 1.000000 0.000000 0.000000
	-0.927184 0.000000 0.374607 0.000000
	5887.000000 637.000000 3742.000000 1.000000

	*dmm23_5	-25	-150	-25		25	150	25
	-node_tm
	0.374607 0.000000 0.927184 0.000000
	0.000000 1.000000 0.000000 0.000000
	-0.927184 0.000000 0.374607 0.000000
	5888.000000 637.000000 3774.000000 1.000000

	*dmm23_6	-25	-150	-25		25	150	25
	-node_tm
	0.374607 0.000000 0.927184 0.000000
	0.000000 1.000000 0.000000 0.000000
	-0.927184 0.000000 0.374607 0.000000
	6024.000000 637.000000 3650.000000 1.000000

	*dmm23_7	-25	-150	-25		25	150	25
	-node_tm
	0.374607 0.000000 0.927184 0.000000
	0.000000 1.000000 0.000000 0.000000
	-0.927184 0.000000 0.374607 0.000000
	5679.000000 637.000000 3782.000000 1.000000

	*dmm23_8	-25	-150	-25		25	150	25
	-node_tm
	0.374607 0.000000 0.927184 0.000000
	0.000000 1.000000 0.000000 0.000000
	-0.927184 0.000000 0.374607 0.000000
	5892.000000 637.000000 3811.000000 1.000000

	*dmm23_9	-25	-150	-25		25	150	25
	-node_tm
	0.374607 0.000000 0.927184 0.000000
	0.000000 1.000000 0.000000 0.000000
	-0.927184 0.000000 0.374607 0.000000
	5594.000000 664.000000 3702.000000 1.000000

	*dmm23_10	-25	-150	-25		25	150	25
	-node_tm
	0.374607 0.000000 0.927184 0.000000
	0.000000 1.000000 0.000000 0.000000
	-0.927184 0.000000 0.374607 0.000000
	5639.000000 665.000000 3738.000000 1.000000

	*dmm23_11	-25	-150	-25		25	150	25
	-node_tm
	0.374607 0.000000 0.927184 0.000000
	0.000000 1.000000 0.000000 0.000000
	-0.927184 0.000000 0.374607 0.000000
	5708.000000 647.000000 3820.000000 1.000000

	*dmm12_0	-25	-150	-25		25	150	25
	-node_tm
	0.374607 0.000000 0.927184 0.000000
	0.000000 1.000000 0.000000 0.000000
	-0.927184 0.000000 0.374607 0.000000
	4166.000000 210.000000 4175.000000 1.000000

	*dmm12_1	-25	-150	-25		25	150	25
	-node_tm
	0.374607 0.000000 0.927184 0.000000
	0.000000 1.000000 0.000000 0.000000
	-0.927184 0.000000 0.374607 0.000000
	4175.000000 210.000000 4252.000000 1.000000

	*dmm12_2	-25	-150	-25		25	150	25
	-node_tm
	0.374607 0.000000 0.927184 0.000000
	0.000000 1.000000 0.000000 0.000000
	-0.927184 0.000000 0.374607 0.000000
	4096.000000 200.000000 4213.000000 1.000000

	*dmm12_3	-25	-150	-25		25	150	25
	-node_tm
	0.374607 0.000000 0.927184 0.000000
	0.000000 1.000000 0.000000 0.000000
	-0.927184 0.000000 0.374607 0.000000
	4100.000000 218.000000 4275.000000 1.000000

	*dmm13_0	-25	-60	-25		25	60	25
	-node_tm
	0.374607 0.000000 0.927184 0.000000
	0.000000 1.000000 0.000000 0.000000
	-0.927184 0.000000 0.374607 0.000000
	6376.000000 575.000000 3009.000000 1.000000

	*dmm13_2	-25	-60	-25		25	60	25
	-node_tm
	0.374607 0.000000 0.927184 0.000000
	0.000000 1.000000 0.000000 0.000000
	-0.927184 0.000000 0.374607 0.000000
	6358.000000 575.000000 3082.000000 1.000000

	*dmm13_3	-25	-60	-25		25	60	25
	-node_tm
	0.374607 0.000000 0.927184 0.000000
	0.000000 1.000000 0.000000 0.000000
	-0.927184 0.000000 0.374607 0.000000
	6309.000000 577.000000 3053.000000 1.000000

	*dmm14_0	-25	-60	-25		25	60	25
	-node_tm
	0.374607 0.000000 0.927184 0.000000
	0.000000 1.000000 0.000000 0.000000
	-0.927184 0.000000 0.374607 0.000000
	6595.000000 488.000000 2263.000000 1.000000

	*dmm14_1	-25	-60	-25		25	60	25
	-node_tm
	0.374607 0.000000 0.927184 0.000000
	0.000000 1.000000 0.000000 0.000000
	-0.927184 0.000000 0.374607 0.000000
	6610.000000 482.000000 2312.000000 1.000000

	*dmm14_2	-25	-60	-25		25	60	25
	-node_tm
	0.374607 0.000000 0.927184 0.000000
	0.000000 1.000000 0.000000 0.000000
	-0.927184 0.000000 0.374607 0.000000
	6536.000000 504.000000 2302.000000 1.000000

	*dmm14_3	-25	-60	-25		25	60	25
	-node_tm
	0.374607 0.000000 0.927184 0.000000
	0.000000 1.000000 0.000000 0.000000
	-0.927184 0.000000 0.374607 0.000000
	6555.000000 489.000000 2363.000000 1.000000

	*dmm25_0	-25	-150	-25		25	150	25
	-node_tm
	0.374607 0.000000 0.927184 0.000000
	0.000000 1.000000 0.000000 0.000000
	-0.927184 0.000000 0.374607 0.000000
	8486.000000 50.000000 -293.000000 1.000000

	*dmm25_1	-25	-150	-25		25	150	25
	-node_tm
	0.374607 0.000000 0.927184 0.000000
	0.000000 1.000000 0.000000 0.000000
	-0.927184 0.000000 0.374607 0.000000
	8769.000000 68.000000 -738.000000 1.000000

	*dmm25_2	-25	-150	-25		25	150	25
	-node_tm
	0.374607 0.000000 0.927184 0.000000
	0.000000 1.000000 0.000000 0.000000
	-0.927184 0.000000 0.374607 0.000000
	8909.000000 81.000000 -702.000000 1.000000

	*dmm25_3	-25	-150	-25		25	150	25
	-node_tm
	0.374607 0.000000 0.927184 0.000000
	0.000000 1.000000 0.000000 0.000000
	-0.927184 0.000000 0.374607 0.000000
	8664.000000 75.000000 -286.000000 1.000000

	*dmm24_0	-25	-150	-25		25	150	25
	-node_tm
	0.374607 0.000000 0.927184 0.000000
	0.000000 1.000000 0.000000 0.000000
	-0.927184 0.000000 0.374607 0.000000
	7837.000000 156.000000 -1263.000000 1.000000

	*dmm24_1	-25	-150	-25		25	150	25
	-node_tm
	0.374607 0.000000 0.927184 0.000000
	0.000000 1.000000 0.000000 0.000000
	-0.927184 0.000000 0.374607 0.000000
	7922.000000 58.000000 -1505.000000 1.000000

	*dmm24_2	-25	-150	-25		25	150	25
	-node_tm
	0.374607 0.000000 0.927184 0.000000
	0.000000 1.000000 0.000000 0.000000
	-0.927184 0.000000 0.374607 0.000000
	7694.000000 127.000000 -1430.000000 1.000000

	*dmm24_3	-25	-150	-25		25	150	25
	-node_tm
	0.374607 0.000000 0.927184 0.000000
	0.000000 1.000000 0.000000 0.000000
	-0.927184 0.000000 0.374607 0.000000
	7656.000000 115.000000 -1224.000000 1.000000

	*dmm28_0	-25	-60	-25		25	60	25
	-node_tm
	1.000000 0.000000 -0.000000 0.000000
	0.000000 1.000000 0.000000 0.000000
	0.000000 0.000000 1.000000 0.000000
	-1286.000000 661.000000 -3600.000000 1.000000

	*dmm28_1	-25	-60	-25		25	60	25
	-node_tm
	1.000000 0.000000 -0.000000 0.000000
	0.000000 1.000000 0.000000 0.000000
	0.000000 0.000000 1.000000 0.000000
	-684.000000 433.000000 -3935.000000 1.000000

	*dmm28_2	-25	-60	-25		25	60	25
	-node_tm
	1.000000 0.000000 -0.000000 0.000000
	0.000000 1.000000 0.000000 0.000000
	0.000000 0.000000 1.000000 0.000000
	-734.000000 434.000000 -4066.000000 1.000000

	*dmm28_3	-25	-60	-25		25	60	25
	-node_tm
	1.000000 0.000000 -0.000000 0.000000
	0.000000 1.000000 0.000000 0.000000
	0.000000 0.000000 1.000000 0.000000
	-806.000000 440.000000 -3953.000000 1.000000

	*dmm28_4	-25	-60	-25		25	60	25
	-node_tm
	1.000000 0.000000 -0.000000 0.000000
	0.000000 1.000000 0.000000 0.000000
	0.000000 0.000000 1.000000 0.000000
	-1194.000000 594.000000 -3634.000000 1.000000

	*dmm28_5	-25	-60	-25		25	60	25
	-node_tm
	1.000000 0.000000 -0.000000 0.000000
	0.000000 1.000000 0.000000 0.000000
	0.000000 0.000000 1.000000 0.000000
	-965.000000 509.000000 -3718.000000 1.000000

	*dmm28_6	-25	-60	-25		25	60	25
	-node_tm
	1.000000 0.000000 -0.000000 0.000000
	0.000000 1.000000 0.000000 0.000000
	0.000000 0.000000 1.000000 0.000000
	-715.000000 418.000000 -3487.000000 1.000000

	*dmm28_7	-25	-60	-25		25	60	25
	-node_tm
	1.000000 0.000000 -0.000000 0.000000
	0.000000 1.000000 0.000000 0.000000
	0.000000 0.000000 1.000000 0.000000
	-683.000000 403.000000 -3552.000000 1.000000

	*dmm28_8	-25	-60	-25		25	60	25
	-node_tm
	1.000000 0.000000 -0.000000 0.000000
	0.000000 1.000000 0.000000 0.000000
	0.000000 0.000000 1.000000 0.000000
	-881.000000 499.000000 -3209.000000 1.000000

	*dmm28_9	-25	-60	-25		25	60	25
	-node_tm
	1.000000 0.000000 -0.000000 0.000000
	0.000000 1.000000 0.000000 0.000000
	0.000000 0.000000 1.000000 0.000000
	-952.000000 470.000000 -3261.000000 1.000000

	*dmm28_10	-25	-60	-25		25	60	25
	-node_tm
	1.000000 0.000000 -0.000000 0.000000
	0.000000 1.000000 0.000000 0.000000
	0.000000 0.000000 1.000000 0.000000
	-817.000000 416.000000 -3366.000000 1.000000

	*dmm28_11	-25	-60	-25		25	60	25
	-node_tm
	1.000000 0.000000 -0.000000 0.000000
	0.000000 1.000000 0.000000 0.000000
	0.000000 0.000000 1.000000 0.000000
	-732.000000 427.000000 -3429.000000 1.000000

	*dmm28_12	-25	-60	-25		25	60	25
	-node_tm
	1.000000 0.000000 -0.000000 0.000000
	0.000000 1.000000 0.000000 0.000000
	0.000000 0.000000 1.000000 0.000000
	-1028.000000 526.000000 -3215.000000 1.000000

	*dmm28_13	-25	-60	-25		25	60	25
	-node_tm
	1.000000 0.000000 -0.000000 0.000000
	0.000000 1.000000 0.000000 0.000000
	0.000000 0.000000 1.000000 0.000000
	-811.000000 470.000000 -3245.000000 1.000000

	*dmm28_14	-25	-60	-25		25	60	25
	-node_tm
	1.000000 0.000000 -0.000000 0.000000
	0.000000 1.000000 0.000000 0.000000
	0.000000 0.000000 1.000000 0.000000
	-883.000000 478.000000 -3306.000000 1.000000

	*dmm28_15	-25	-60	-25		25	60	25
	-node_tm
	1.000000 0.000000 -0.000000 0.000000
	0.000000 1.000000 0.000000 0.000000
	0.000000 0.000000 1.000000 0.000000
	-738.000000 429.000000 -3368.000000 1.000000

	*dmm29_0	-25	-80	-25		25	80	25
	-node_tm
	0.965926 0.000000 -0.258819 0.000000
	0.000000 1.000000 0.000000 0.000000
	0.258819 0.000000 0.965926 0.000000
	-468.000000 375.000000 -4057.000000 1.000000

	*dmm29_1	-25	-80	-25		25	80	25
	-node_tm
	0.965926 0.000000 -0.258819 0.000000
